#Exudyn nonlinear static solver static solver solution file
#simulation started=2023-06-08,08:23:39
#columns contain: time, ODE2 displacements, ODE2 velocities, ODE2 accelerations, AE coordinates
#number of system coordinates [nODE2, nODE1, nAlgebraic, nData] = [18,0,14,0]
#number of written coordinates [nODE2, nVel2, nAcc2, nODE1, nVel1, nAlgebraic, nData] = [18,0,0,0,0,14,0]
#total columns exported  (excl. time) = 32
#number of load steps (planned) = 5
#Exudyn version = 1.6.119.dev1; Python3.8.13; Linux FLOAT64
#
0,0,0,0,0,0,0,0,0,0,0,0,0,0,0,0,0,0,0,0,0,0,0,0,0,0,0,0,0,0,0,0,0
0.2,0,0,0,8.925481636e-15,0,0,0,2.498001805e-15,7.707909701e-30,8.67361738e-19,0,-2.281658983e-19,0,1.542814999e-15,-0.0006258783409,-2.275733148e-06,1.889832323e-05,-7.479604689e-08,0,-4.17449996e-13,0,416.5565733,0,-0.0001902508707,6.144288826e-17,-246.3702763,0,233.5804533,0,-0.0001902508707,6.144288826e-17,-270.5768505
0.4,0,0,0,1.244753089e-24,0,0,0,2.498001805e-15,-1.156494932e-30,8.67361738e-19,2.737415197e-30,-8.894604258e-20,5.75511268e-23,-2.314840373e-16,-0.001251756682,-4.551466295e-06,3.779664646e-05,-1.495920938e-07,0,9.601684272e-13,0,833.1131466,0,-0.0003805017413,-7.466421632e-17,-492.7405525,0,467.1609066,0,-0.0003805017413,1.711073367e-16,-541.1537009
0.6,0,0,0,1.244753089e-24,0,0,0,2.498001805e-15,1.549241028e-30,8.67361738e-19,2.862782315e-30,-2.213471584e-19,-9.232251666e-24,3.100959817e-16,-0.001877635023,-6.827199443e-06,5.669496969e-05,-2.243881407e-07,0,-4.396170188e-13,0,1249.66972,0,-0.000570752612,1.071649225e-16,-739.1108288,0,700.7413599,0,-0.000570752612,2.518296031e-16,-811.7305514
0.8,0,0,0,8.925481637e-15,0,0,0,2.498001805e-15,1.360218784e-30,8.67361738e-19,2.874514719e-30,-5.65160422e-20,-4.26239409e-23,2.722613497e-16,-0.002503513364,-9.10293259e-06,7.559329292e-05,-2.991841876e-07,0,4.09486998e-14,0,1666.226293,0,-0.0007610034826,-1.783691448e-16,-985.481105,0,934.3218132,0,-0.0007610034826,3.002902227e-16,-1082.307402
1,0,0,0,-5.355288978e-15,0,0,0,2.498001805e-15,6.087088914e-31,8.67361738e-19,2.915468872e-30,-4.428662686e-20,-6.265895444e-23,1.218391462e-16,-0.003129391704,-1.137866574e-05,9.449161615e-05,-3.739802345e-07,0,2.035038169e-13,0,2082.782866,0,-0.0009512543533,-1.640189365e-17,-1231.851381,0,1167.902266,0,-0.0009512543533,1.359994537e-16,-1352.884252
#simulation finished=2023-06-08,08:23:39
#Solver Info: cpuTime=0.00253875 stepReductionFailed(or step failed)=0,discontinuousIterationSuccessful=1,newtonSolutionDiverged=0,massMatrixNotInvertible=0,total time steps=5,total Newton iterations=5,total Newton jacobians=5
