#Exudyn implicit second order time integration sensor output file
#measure Object number = 6
#OutputVariableType = Displacement
#simulation started = 2023-06-08,09:04:37
#columns contain: time, comma separated sensor values (e.g, x,y,z position coordinates)
#number of sensor values = 3
#Exudyn version = 1.6.119.dev1; Python3.8.13; Linux FLOAT64
#
0,-0.0390579,0.80822,6.07153e-18
0.0109991,-0.0390375,0.808243,5.75985e-08
0.0209983,-0.0390223,0.808256,5.65462e-08
0.0309974,-0.039014,0.808265,9.52533e-09
0.0409966,-0.0390108,0.808267,4.74751e-08
0.0509958,-0.0390178,0.808261,2.27494e-08
0.0609949,-0.0390295,0.80825,5.84197e-08
0.0709941,-0.0390327,0.808247,4.08288e-08
0.0809933,-0.0390278,0.808251,8.58548e-08
0.0909924,-0.0390218,0.808257,3.9803e-08
0.100992,-0.039018,0.80826,8.4419e-08
0.110991,-0.0390184,0.80826,4.05103e-08
0.12099,-0.0390216,0.808257,7.04456e-08
0.130989,-0.0390248,0.808254,2.58776e-08
0.140988,-0.0390264,0.808253,5.89654e-08
0.150987,-0.0390263,0.808253,4.907e-09
0.160987,-0.0390251,0.808254,6.02605e-08
0.170986,-0.0390239,0.808255,1.63237e-08
0.180985,-0.0390234,0.808256,6.06541e-08
0.190984,-0.0390234,0.808256,3.73352e-08
0.200983,-0.0390236,0.808255,9.13948e-08
0.210982,-0.0390238,0.808255,3.25167e-08
0.220982,-0.0390239,0.808255,9.04079e-08
0.230981,-0.0390239,0.808255,4.59134e-08
0.24098,-0.0390238,0.808255,6.58183e-08
0.250979,-0.0390238,0.808255,1.47805e-08
0.260978,-0.0390238,0.808255,7.1046e-08
0.270977,-0.0390238,0.808255,4.05966e-09
0.280977,-0.0390238,0.808255,4.73156e-08
0.290976,-0.0390238,0.808255,2.65023e-08
0.300975,-0.0390238,0.808255,7.17289e-08
0.310974,-0.0390238,0.808255,2.15133e-08
0.320973,-0.0390238,0.808255,9.20862e-08
0.330972,-0.0390238,0.808255,4.9865e-08
0.340972,-0.0390238,0.808255,7.63348e-08
0.350971,-0.0390238,0.808255,3.90594e-08
0.36097,-0.0390238,0.808255,7.92301e-08
0.370969,-0.0390238,0.808255,1.41846e-08
0.380968,-0.0390238,0.808255,5.43964e-08
0.390967,-0.0390238,0.808255,1.76244e-08
0.400967,-0.0390238,0.808255,4.96082e-08
0.410966,-0.0390238,0.808255,1.94188e-08
0.420965,-0.0390238,0.808255,6.95503e-08
0.430964,-0.0390238,0.808255,3.59356e-08
0.440963,-0.0390238,0.808255,8.13689e-08
0.450962,-0.0390238,0.808255,5.18192e-08
0.460962,-0.0390238,0.808255,7.60119e-08
0.470961,-0.0390238,0.808255,4.44583e-08
0.48096,-0.0390238,0.808255,6.89553e-08
0.490959,-0.0390238,0.808255,2.06413e-08
0.500958,-0.0390238,0.808255,4.75812e-08
0.510957,-0.0390238,0.808255,2.74313e-08
0.520957,-0.0390238,0.808255,3.94819e-08
0.530956,-0.0390238,0.808255,2.43138e-08
0.540955,-0.0390238,0.808255,6.98995e-08
0.550954,-0.0390238,0.808255,4.49288e-08
0.560953,-0.0390238,0.808255,6.25852e-08
0.570952,-0.0390238,0.808255,6.89284e-08
0.580952,-0.0390238,0.808255,7.34404e-08
0.590951,-0.0390238,0.808255,3.86549e-08
0.60095,-0.0390238,0.808255,6.08402e-08
0.610949,-0.0390238,0.808255,4.36864e-08
0.620948,-0.0390238,0.808255,2.56572e-08
0.630947,-0.0390238,0.808255,3.01754e-08
0.640947,-0.0390238,0.808255,4.63814e-08
0.650946,-0.0390238,0.808255,3.21173e-08
0.660945,-0.0390238,0.808255,4.5835e-08
0.670944,-0.0390238,0.808255,6.81345e-08
0.680943,-0.0390238,0.808255,5.94935e-08
0.690942,-0.0390238,0.808255,6.33138e-08
0.700942,-0.0390238,0.808255,6.59128e-08
0.710941,-0.0390238,0.808255,6.12839e-08
0.72094,-0.0390238,0.808255,3.84094e-08
0.730939,-0.0390238,0.808255,4.89749e-08
0.740938,-0.0390238,0.808255,2.68729e-08
0.750937,-0.0390238,0.808255,3.71387e-08
0.760937,-0.0390238,0.808255,2.93231e-08
0.770936,-0.0390238,0.808255,4.94247e-08
0.780935,-0.0390238,0.808255,3.78765e-08
0.790934,-0.0390238,0.808255,7.51941e-08
0.800933,-0.0390238,0.808255,5.00344e-08
0.810932,-0.0390238,0.808255,7.39549e-08
0.820932,-0.0390238,0.808255,5.77493e-08
0.830931,-0.0390238,0.808255,6.87959e-08
0.84093,-0.0390238,0.808255,2.3884e-08
0.850929,-0.0390238,0.808255,6.27819e-08
0.860928,-0.0390238,0.808255,2.03099e-08
0.870927,-0.0390238,0.808255,3.69419e-08
0.880927,-0.0390238,0.808255,2.3523e-08
0.890926,-0.0390238,0.808255,6.84262e-08
0.900925,-0.0390238,0.808255,2.13008e-08
0.910924,-0.0390238,0.808255,7.81908e-08
0.920923,-0.0390238,0.808255,5.70594e-08
0.930922,-0.0390238,0.808255,7.8209e-08
0.940922,-0.0390238,0.808255,3.60952e-08
0.950921,-0.0390238,0.808255,8.75169e-08
0.96092,-0.0390238,0.808255,2.31633e-08
0.970919,-0.0390238,0.808255,5.05372e-08
0.980918,-0.0390238,0.808255,1.92506e-08
0.990917,-0.0390238,0.808255,5.69208e-08
1.00092,-0.0390238,0.808255,4.46141e-09
1.01092,-0.0390238,0.808255,6.98297e-08
1.02091,-0.0390238,0.808255,3.3514e-08
1.03091,-0.0390238,0.808255,7.69099e-08
1.04091,-0.0390238,0.808255,4.35329e-08
1.05091,-0.0390238,0.808255,9.23445e-08
1.06091,-0.0390238,0.808255,3.46588e-08
1.07091,-0.0390238,0.808255,7.97498e-08
1.08091,-0.0390238,0.808255,2.3241e-08
1.09091,-0.0390238,0.808255,5.72544e-08
1.10091,-0.0390238,0.808255,1.30872e-08
1.11091,-0.0390238,0.808255,5.62216e-08
1.12091,-0.0390238,0.808255,7.27114e-09
1.13091,-0.0390238,0.808255,7.17999e-08
1.1409,-0.0390238,0.808255,3.32412e-08
1.1509,-0.0390238,0.808255,7.46864e-08
1.1609,-0.0390238,0.808255,4.62876e-08
1.1709,-0.0390238,0.808255,9.53172e-08
1.1809,-0.0390238,0.808255,3.03242e-08
1.1909,-0.0390238,0.808255,7.3509e-08
1.2009,-0.0390238,0.808255,3.51352e-08
1.2109,-0.0390238,0.808255,5.10314e-08
1.2209,-0.0390238,0.808255,4.88962e-09
1.2309,-0.0390238,0.808255,6.43319e-08
1.2409,-0.0390238,0.808255,1.66047e-08
1.2509,-0.0390238,0.808255,5.19966e-08
1.26089,-0.0390238,0.808255,4.47713e-08
1.27089,-0.0390238,0.808255,8.34032e-08
1.28089,-0.0390238,0.808255,3.68405e-08
1.29089,-0.0390238,0.808255,8.60476e-08
1.30089,-0.0390238,0.808255,5.26427e-08
1.31089,-0.0390238,0.808255,5.91008e-08
1.32089,-0.0390238,0.808255,2.92634e-08
1.33089,-0.0390238,0.808255,5.74332e-08
1.34089,-0.0390238,0.808255,1.45128e-08
1.35089,-0.0390238,0.808255,4.27466e-08
1.36089,-0.0390238,0.808255,3.10072e-08
1.37089,-0.0390238,0.808255,5.40482e-08
1.38088,-0.0390238,0.808255,4.31934e-08
1.39088,-0.0390238,0.808255,7.38579e-08
1.40088,-0.0390238,0.808255,5.51886e-08
1.41088,-0.0390238,0.808255,7.28768e-08
1.42088,-0.0390238,0.808255,5.67055e-08
1.43088,-0.0390238,0.808255,5.34434e-08
1.44088,-0.0390238,0.808255,3.84118e-08
1.45088,-0.0390238,0.808255,4.59587e-08
1.46088,-0.0390238,0.808255,2.30547e-08
1.47088,-0.0390238,0.808255,3.25835e-08
1.48088,-0.0390238,0.808255,4.63355e-08
1.49088,-0.0390238,0.808255,4.23462e-08
1.50087,-0.0390238,0.808255,4.81022e-08
1.51087,-0.0390238,0.808255,7.23014e-08
1.52087,-0.0390238,0.808255,6.78078e-08
1.53087,-0.0390238,0.808255,5.03615e-08
1.54087,-0.0390238,0.808255,7.21403e-08
1.55087,-0.0390238,0.808255,5.19894e-08
1.56087,-0.0390238,0.808255,3.52324e-08
1.57087,-0.0390238,0.808255,3.2541e-08
1.58087,-0.0390238,0.808255,4.88399e-08
1.59087,-0.0390238,0.808255,1.53071e-08
1.60087,-0.0390238,0.808255,4.54762e-08
1.61087,-0.0390238,0.808255,4.80852e-08
1.62086,-0.0390238,0.808255,6.15141e-08
1.63086,-0.0390238,0.808255,4.57652e-08
1.64086,-0.0390238,0.808255,8.63293e-08
1.65086,-0.0390238,0.808255,5.13322e-08
1.66086,-0.0390238,0.808255,6.58727e-08
1.67086,-0.0390238,0.808255,4.11486e-08
1.68086,-0.0390238,0.808255,5.77284e-08
1.69086,-0.0390238,0.808255,1.47869e-08
1.70086,-0.0390238,0.808255,5.10443e-08
1.71086,-0.0390238,0.808255,1.71307e-08
1.72086,-0.0390238,0.808255,5.41154e-08
1.73086,-0.0390238,0.808255,3.38582e-08
1.74085,-0.0390238,0.808255,7.35896e-08
1.75085,-0.0390238,0.808255,4.11668e-08
1.76085,-0.0390238,0.808255,9.18643e-08
1.77085,-0.0390238,0.808255,4.2243e-08
1.78085,-0.0390238,0.808255,7.23288e-08
1.79085,-0.0390238,0.808255,3.67426e-08
1.80085,-0.0390238,0.808255,6.27473e-08
1.81085,-0.0390238,0.808255,3.06953e-09
1.82085,-0.0390238,0.808255,6.04843e-08
1.83085,-0.0390238,0.808255,1.75551e-08
1.84085,-0.0390238,0.808255,5.12215e-08
1.85085,-0.0390238,0.808255,2.84684e-08
1.86084,-0.0390238,0.808255,9.07239e-08
1.87084,-0.0390238,0.808255,3.1362e-08
1.88084,-0.0390238,0.808255,8.5316e-08
1.89084,-0.0390238,0.808255,5.29319e-08
1.90084,-0.0390238,0.808255,7.60169e-08
1.91084,-0.0390238,0.808255,1.66438e-08
1.92084,-0.0390238,0.808255,7.39823e-08
1.93084,-0.0390238,0.808255,1.16081e-08
1.94084,-0.0390238,0.808255,4.47535e-08
1.95084,-0.0390238,0.808255,1.77804e-08
1.96084,-0.0390238,0.808255,6.83317e-08
1.97084,-0.0390238,0.808255,1.85317e-08
1.98083,-0.0390238,0.808255,8.32524e-08
1.99083,-0.0390238,0.808255,4.66046e-08
2.00083,-0.0390238,0.808255,8.31205e-08
2.01083,-0.0389998,0.80828,7.52898e-08
2.02083,-0.0388722,0.808407,1.87801e-07
2.03083,-0.0385456,0.808721,1.68922e-07
2.04083,-0.037971,0.80927,1.70455e-07
2.05083,-0.0372044,0.810006,3.94903e-08
2.06083,-0.0363745,0.810808,4.60593e-09
2.07083,-0.0356026,0.811562,-4.68434e-08
2.08083,-0.0349371,0.812219,1.87506e-08
2.09083,-0.034341,0.812813,3.39618e-08
2.10082,-0.0337324,0.813422,1.33505e-07
2.11082,-0.0330461,0.81411,1.06434e-07
2.12082,-0.0322746,0.814886,9.21369e-08
2.13082,-0.0314646,0.815705,2.98471e-08
2.14082,-0.0306797,0.816507,4.42974e-08
2.15082,-0.0299583,0.81725,-1.20255e-08
2.16082,-0.0292936,0.81794,3.70385e-08
2.17082,-0.028646,0.818616,5.28188e-08
2.18082,-0.0279745,0.819321,6.69169e-08
2.19082,-0.0272632,0.82007,2.36547e-08
2.20082,-0.026528,0.82085,5.95388e-08
2.21082,-0.0258009,0.821626,2.5018e-08
2.22081,-0.025106,0.822374,3.26592e-08
2.23081,-0.0244452,0.82309,5.17401e-08
2.24081,-0.0238008,0.823793,8.89763e-08
2.25081,-0.0231499,0.824506,5.57566e-08
2.26081,-0.0224816,0.825243,6.55189e-08
2.27081,-0.0218015,0.825997,4.66581e-08
2.28081,-0.0211254,0.826751,2.63534e-08
2.29081,-0.0204669,0.827491,1.05082e-08
2.30081,-0.0198282,0.828214,3.30494e-08
2.31081,-0.0192003,0.828928,3.4932e-08
2.32081,-0.0185719,0.829648,4.45847e-08
2.33081,-0.0179367,0.830379,5.41239e-08
2.3408,-0.0172974,0.831119,5.57076e-08
2.3508,-0.0166624,0.831859,5.8753e-08
2.3608,-0.0160383,0.832591,5.43692e-08
2.3708,-0.015426,0.833314,5.55955e-08
2.3808,-0.0148207,0.834032,5.14212e-08
2.3908,-0.0142161,0.834754,5.41934e-08
2.4008,-0.0136098,0.835482,2.16135e-08
2.4108,-0.0130037,0.836215,3.47632e-08
2.4208,-0.0124022,0.836946,2.7687e-08
2.4308,-0.0118088,0.837672,2.9322e-08
2.4408,-0.0112232,0.838392,2.38507e-08
2.4508,-0.0106421,0.839112,7.40835e-08
2.46079,-0.0100625,0.839833,4.42964e-08
2.47079,-0.0094833,0.840559,6.03048e-08
2.48079,-0.00890611,0.841286,6.01569e-08
2.49079,-0.00833364,0.842011,7.24932e-08
2.50079,-0.00776726,0.842733,1.77503e-08
2.51079,-0.00720658,0.843452,5.93835e-08
2.52079,-0.0066496,0.844171,2.96466e-08
2.53079,-0.00609456,0.844891,3.14185e-08
2.54079,-0.00554136,0.845613,8.0049e-09
2.55079,-0.00499093,0.846336,6.20857e-08
2.56079,-0.00444464,0.847057,1.5521e-08
2.57079,-0.00390315,0.847777,5.70045e-08
2.58078,-0.00336576,0.848495,4.79189e-08
2.59078,-0.00283158,0.849213,8.12958e-08
2.60078,-0.00229998,0.849932,3.12228e-08
2.61078,-0.00177097,0.850651,7.94553e-08
2.62078,-0.00124534,0.85137,3.02138e-08
2.63078,-0.000723502,0.852088,5.32944e-08
2.64078,-0.000205387,0.852805,9.55856e-09
2.65078,0.000309395,0.853521,5.02561e-08
2.66078,0.000821497,0.854238,4.49711e-09
2.67078,0.00133095,0.854956,5.49943e-08
2.68078,0.00183737,0.855673,1.43018e-08
2.69078,0.00234044,0.85639,7.10214e-08
2.70077,0.00283988,0.857106,3.81305e-08
2.71077,0.00333596,0.857821,7.74583e-08
2.72077,0.00382915,0.858536,3.23629e-08
2.73077,0.00431962,0.859251,8.68369e-08
2.74077,0.00480747,0.859966,1.94934e-08
2.75077,0.00529244,0.860682,4.98255e-08
2.76077,0.00577423,0.861397,1.59412e-08
2.77077,0.00625293,0.862111,5.27846e-08
2.78077,0.00672858,0.862825,-1.08168e-08
2.79077,0.00720136,0.863539,5.96319e-08
2.80077,0.00767144,0.864253,2.87568e-08
2.81077,0.00813864,0.864967,5.80558e-08
2.82076,0.00860299,0.86568,2.9493e-08
2.83076,0.00906447,0.866393,9.70584e-08
2.84076,0.00952311,0.867106,2.91096e-08
2.85076,0.00997913,0.867819,6.29964e-08
2.86076,0.0104325,0.868532,3.6477e-08
2.87076,0.0108831,0.869245,5.73075e-08
2.88076,0.0113311,0.869958,-6.12097e-09
2.89076,0.0117761,0.87067,5.20523e-08
2.90076,0.0122184,0.871382,1.32573e-08
2.91076,0.012658,0.872094,4.05404e-08
2.92076,0.0130949,0.872806,2.18803e-08
2.93076,0.0135294,0.873517,7.41123e-08
2.94075,0.0139612,0.874229,3.3486e-08
2.95075,0.0143905,0.874941,7.30678e-08
2.96075,0.0148172,0.875652,4.37995e-08
2.97075,0.0152413,0.876363,6.64283e-08
2.98075,0.0156628,0.877074,2.68453e-08
2.99075,0.0160818,0.877786,4.71898e-08
3.00075,0.0164982,0.878496,1.22406e-08
3.01075,0.0169121,0.879207,4.0733e-08
3.02075,0.0173234,0.879918,1.19984e-08
3.03075,0.0177322,0.880628,3.7716e-08
3.04075,0.0181387,0.881338,3.55608e-08
3.05075,0.0185427,0.882049,6.17088e-08
3.06074,0.0189443,0.882759,3.5609e-08
3.07074,0.0193435,0.88347,6.99486e-08
3.08074,0.0197402,0.88418,5.81357e-08
3.09074,0.0201345,0.88489,4.4654e-08
3.10074,0.0205263,0.8856,3.18447e-08
3.11074,0.0209158,0.886309,5.23521e-08
3.12074,0.0213029,0.887019,1.44119e-08
3.13074,0.0216876,0.887729,1.55115e-08
3.14074,0.02207,0.888438,3.78437e-08
3.15074,0.0224501,0.889148,3.42756e-08
3.16074,0.0228278,0.889857,2.42421e-08
3.17074,0.0232033,0.890567,5.7549e-08
3.18073,0.0235765,0.891276,6.4608e-08
3.19073,0.0239474,0.891986,4.15839e-08
3.20073,0.024316,0.892695,5.81043e-08
3.21073,0.0246823,0.893404,5.60424e-08
3.22073,0.0250463,0.894113,3.64865e-08
3.23073,0.025408,0.894822,2.01012e-08
3.24073,0.0257676,0.895531,4.00043e-08
3.25073,0.0261249,0.89624,1.45534e-08
3.26073,0.02648,0.896949,2.6823e-08
3.27073,0.0268329,0.897658,2.69959e-08
3.28073,0.0271836,0.898367,5.16364e-08
3.29073,0.0275321,0.899076,3.57277e-08
3.30072,0.0278785,0.899785,6.62682e-08
3.31072,0.0282226,0.900494,4.41052e-08
3.32072,0.0285646,0.901203,6.74821e-08
3.33072,0.0289044,0.901912,3.49634e-08
3.34072,0.0292421,0.90262,4.6661e-08
3.35072,0.0295776,0.903329,1.68624e-08
3.36072,0.029911,0.904038,4.55191e-08
3.37072,0.0302423,0.904747,-2.3568e-09
3.38072,0.0305715,0.905455,3.95234e-08
3.39072,0.0308986,0.906164,2.64069e-08
3.40072,0.0312236,0.906873,5.20725e-08
3.41072,0.0315465,0.907582,2.13489e-08
3.42071,0.0318673,0.90829,8.65833e-08
3.43071,0.0321861,0.908999,3.70209e-08
3.44071,0.0325028,0.909708,5.7671e-08
3.45071,0.0328174,0.910416,3.39802e-08
3.46071,0.0331299,0.911125,6.62287e-08
3.47071,0.0334404,0.911834,-7.87502e-09
3.48071,0.0337489,0.912542,4.46413e-08
3.49071,0.0340554,0.913251,1.3861e-08
3.50071,0.0343599,0.91396,3.71846e-08
3.51071,0.0346623,0.914669,2.1992e-09
3.52071,0.0349628,0.915377,7.68667e-08
3.53071,0.0352612,0.916086,2.40805e-08
3.5407,0.0355576,0.916795,6.61937e-08
3.5507,0.0358521,0.917504,4.02395e-08
3.5607,0.0361445,0.918213,7.80295e-08
3.5707,0.036435,0.918921,1.20532e-08
3.5807,0.0367235,0.91963,6.0593e-08
3.5907,0.03701,0.920339,7.87569e-09
3.6007,0.0372946,0.921048,4.13283e-08
3.6107,0.0375773,0.921757,-2.56993e-09
3.6207,0.037858,0.922466,4.84361e-08
3.6307,0.0381368,0.923175,9.1674e-09
3.6407,0.0384136,0.923884,6.54705e-08
3.6507,0.0386886,0.924593,2.2746e-08
3.66069,0.0389615,0.925302,7.5273e-08
3.67069,0.0392326,0.926011,3.85457e-08
3.68069,0.0395018,0.92672,6.77885e-08
3.69069,0.039769,0.92743,1.50749e-08
3.70069,0.0400344,0.928139,6.41324e-08
3.71069,0.0402978,0.928848,5.30712e-09
3.72069,0.0405594,0.929557,2.92938e-08
3.73069,0.0408191,0.930267,7.92977e-09
3.74069,0.0410769,0.930976,5.22786e-08
3.75069,0.0413328,0.931686,-9.31101e-10
3.76069,0.0415869,0.932395,5.99735e-08
3.77069,0.0418391,0.933105,4.55193e-08
3.78068,0.0420894,0.933814,5.99681e-08
3.79068,0.0423379,0.934524,2.86459e-08
3.80068,0.0425846,0.935234,8.08162e-08
3.81068,0.0428293,0.935944,2.26334e-08
3.82068,0.0430723,0.936653,3.35386e-08
3.83068,0.0433134,0.937363,2.14365e-08
3.84068,0.0435527,0.938073,3.80466e-08
3.85068,0.0437901,0.938783,-5.74787e-09
3.86068,0.0440257,0.939493,4.01884e-08
3.87068,0.0442596,0.940203,2.94976e-08
3.88068,0.0444915,0.940914,4.36182e-08
3.89068,0.0447217,0.941624,3.69485e-08
3.90067,0.0449501,0.942334,6.84181e-08
3.91067,0.0451767,0.943044,4.22921e-08
3.92067,0.0454014,0.943755,5.15501e-08
3.93067,0.0456244,0.944465,3.54738e-08
3.94067,0.0458455,0.945176,3.64284e-08
3.95067,0.0460649,0.945886,1.84949e-08
3.96067,0.0462825,0.946597,2.19081e-08
3.97067,0.0464984,0.947308,1.4449e-08
3.98067,0.0467124,0.948019,3.06646e-08
3.99067,0.0469247,0.94873,3.17409e-08
4.00067,0.0471352,0.94944,3.41361e-08
4.01067,0.0473439,0.950152,5.40934e-08
4.02066,0.0475509,0.950863,5.70417e-08
4.03066,0.0477561,0.951574,4.25904e-08
4.04066,0.0479595,0.952285,4.36961e-08
4.05066,0.0481612,0.952996,5.47354e-08
4.06066,0.0483611,0.953708,1.43047e-08
4.07066,0.0485593,0.954419,2.06092e-08
4.08066,0.0487558,0.955131,2.69632e-08
4.09066,0.0489505,0.955842,2.32164e-08
4.10066,0.0491434,0.956554,2.55416e-09
4.11066,0.0493346,0.957266,5.3821e-08
4.12066,0.0495241,0.957978,3.67892e-08
4.13066,0.0497119,0.95869,4.37788e-08
4.14065,0.0498979,0.959402,4.48213e-08
4.15065,0.0500822,0.960114,7.40517e-08
4.16065,0.0502648,0.960826,2.07358e-08
4.17065,0.0504457,0.961538,4.6716e-08
4.18065,0.0506248,0.962251,2.53585e-08
4.19065,0.0508023,0.962963,3.13024e-08
4.20065,0.050978,0.963676,-5.77528e-09
4.21065,0.051152,0.964388,4.2905e-08
4.22065,0.0513243,0.965101,8.44486e-09
4.23065,0.0514949,0.965814,4.40863e-08
4.24065,0.0516638,0.966527,2.59782e-08
4.25065,0.051831,0.96724,6.84753e-08
4.26064,0.0519965,0.967953,3.04632e-08
4.27064,0.0521603,0.968666,6.95102e-08
4.28064,0.0523224,0.969379,2.15257e-08
4.29064,0.0524828,0.970092,5.7339e-08
4.30064,0.0526415,0.970806,8.37269e-09
4.31064,0.0527985,0.971519,3.43421e-08
4.32064,0.0529539,0.972233,-4.30137e-09
4.33064,0.0531076,0.972947,4.86875e-08
4.34064,0.0532595,0.973661,-5.19875e-09
4.35064,0.0534099,0.974374,5.02727e-08
4.36064,0.0535585,0.975088,3.10641e-08
4.37064,0.0537054,0.975802,6.78732e-08
4.38063,0.0538507,0.976517,1.57217e-08
4.39063,0.0539943,0.977231,8.2594e-08
4.40063,0.0541362,0.977945,2.41923e-08
4.41063,0.0542765,0.97866,4.14272e-08
4.42063,0.0544151,0.979374,6.174e-09
4.43063,0.054552,0.980089,5.42723e-08
4.44063,0.0546873,0.980804,-2.04141e-08
4.45063,0.0548209,0.981519,3.72061e-08
4.46063,0.0549529,0.982233,1.67125e-08
4.47063,0.0550831,0.982949,4.95674e-08
4.48063,0.0552118,0.983664,8.54179e-09
4.49063,0.0553387,0.984379,8.23277e-08
4.50062,0.055464,0.985094,2.87786e-08
4.51062,0.0555877,0.98581,5.82038e-08
4.52062,0.0557097,0.986525,2.4703e-08
4.53062,0.0558301,0.987241,5.84581e-08
4.54062,0.0559488,0.987957,-4.55551e-09
4.55062,0.0560658,0.988673,3.80771e-08
4.56062,0.0561812,0.989388,-1.0483e-09
4.57062,0.056295,0.990105,3.58057e-08
4.58062,0.0564071,0.990821,4.45799e-09
4.59062,0.0565176,0.991537,5.14864e-08
4.60062,0.0566264,0.992253,2.36503e-08
4.61062,0.0567336,0.99297,6.77233e-08
4.62061,0.0568391,0.993686,2.86853e-08
4.63061,0.0569431,0.994403,6.00762e-08
4.64061,0.0570453,0.99512,3.06203e-08
4.65061,0.0571459,0.995837,4.38632e-08
4.66061,0.0572449,0.996554,-9.47573e-10
4.67061,0.0573423,0.997271,3.83235e-08
4.68061,0.057438,0.997988,5.86776e-09
4.69061,0.0575321,0.998705,1.67448e-08
4.70061,0.0576245,0.999423,1.7059e-08
4.71061,0.0577153,1.00014,5.58814e-08
4.72061,0.0578045,1.00086,1.83844e-08
4.73061,0.0578921,1.00158,5.2601e-08
4.7406,0.057978,1.00229,5.58773e-08
4.7506,0.0580623,1.00301,4.53438e-08
4.7606,0.0581449,1.00373,1.98787e-08
4.7706,0.058226,1.00445,4.92016e-08
4.7806,0.0583054,1.00517,1.67644e-08
4.7906,0.0583831,1.00588,5.24826e-09
4.8006,0.0584593,1.0066,1.81644e-08
4.8106,0.0585338,1.00732,2.77522e-08
4.8206,0.0586067,1.00804,1.14413e-08
4.8306,0.0586779,1.00876,3.40782e-08
4.8406,0.0587476,1.00948,5.08439e-08
4.8506,0.0588156,1.0102,4.02836e-08
4.86059,0.0588819,1.01092,4.51076e-08
4.87059,0.0589467,1.01163,4.7042e-08
4.88059,0.0590098,1.01235,3.94703e-08
4.89059,0.0590713,1.01307,1.97787e-08
4.90059,0.0591312,1.01379,2.60056e-08
4.91059,0.0591895,1.01451,7.94851e-09
4.92059,0.0592461,1.01523,2.14329e-08
4.93059,0.0593011,1.01595,9.11404e-09
4.94059,0.0593545,1.01667,2.91741e-08
4.95059,0.0594062,1.01739,2.83784e-08
4.96059,0.0594564,1.01811,5.43471e-08
4.97059,0.0595049,1.01883,2.61439e-08
4.98058,0.0595518,1.01955,6.16369e-08
4.99058,0.059597,1.02027,3.88504e-08
5.00058,0.0596407,1.02099,3.73539e-08
5.01058,0.0596827,1.02172,9.24823e-09
5.02058,0.0597231,1.02244,4.64835e-08
5.03058,0.0597618,1.02316,-9.02719e-09
5.04058,0.059799,1.02388,1.84568e-08
5.05058,0.0598345,1.0246,1.44475e-08
5.06058,0.0598684,1.02532,4.30822e-08
5.07058,0.0599006,1.02604,5.75249e-10
5.08058,0.0599313,1.02676,6.79184e-08
5.09058,0.0599603,1.02749,3.62964e-08
5.10057,0.0599877,1.02821,5.07218e-08
5.11057,0.0600134,1.02893,2.12891e-08
5.12057,0.0600376,1.02965,6.69425e-08
5.13057,0.0600601,1.03037,-4.82731e-09
5.14057,0.060081,1.0311,3.09591e-08
5.15057,0.0601002,1.03182,2.22783e-09
5.16057,0.0601178,1.03254,3.24642e-08
5.17057,0.0601338,1.03326,-1.3418e-08
5.18057,0.0601482,1.03398,5.29431e-08
5.19057,0.0601609,1.03471,1.32253e-08
5.20057,0.060172,1.03543,5.88545e-08
5.21057,0.0601815,1.03615,2.34518e-08
5.22056,0.0601894,1.03688,6.88054e-08
5.23056,0.0601956,1.0376,1.64782e-08
5.24056,0.0602001,1.03832,5.5642e-08
5.25056,0.0602031,1.03905,-3.65587e-09
5.26056,0.0602044,1.03977,4.02263e-08
5.27056,0.0602041,1.04049,-7.51363e-09
5.28056,0.0602021,1.04122,2.85249e-08
5.29056,0.0601985,1.04194,-7.81123e-09
5.30056,0.0601933,1.04266,5.72128e-08
5.31056,0.0601864,1.04339,5.69341e-09
5.32056,0.0601779,1.04411,5.53558e-08
5.33056,0.0601678,1.04484,3.37073e-08
5.34055,0.060156,1.04556,6.70958e-08
5.35055,0.0601425,1.04629,2.60506e-09
5.36055,0.0601275,1.04701,5.97943e-08
5.37055,0.0601108,1.04773,9.65523e-09
5.38055,0.0600924,1.04846,1.96861e-08
5.39055,0.0600724,1.04918,-9.79193e-09
5.40055,0.0600508,1.04991,4.63949e-08
5.41055,0.0600275,1.05063,-1.33066e-08
5.42055,0.0600025,1.05136,3.60183e-08
5.43055,0.0599759,1.05208,2.99582e-08
5.44055,0.0599477,1.05281,5.60494e-08
5.45055,0.0599178,1.05354,1.47654e-08
5.46054,0.0598862,1.05426,6.87979e-08
5.47054,0.059853,1.05499,2.49949e-08
5.48054,0.0598182,1.05571,3.40375e-08
5.49054,0.0597817,1.05644,7.34979e-09
5.50054,0.0597435,1.05716,3.30392e-08
5.51054,0.0597036,1.05789,-8.94635e-09
5.52054,0.0596622,1.05862,2.2103e-08
5.53054,0.059619,1.05934,7.87333e-09
5.54054,0.0595742,1.06007,3.55479e-08
5.55054,0.0595277,1.0608,2.25231e-08
5.56054,0.0594796,1.06152,4.91667e-08
5.57054,0.0594298,1.06225,3.38986e-08
5.58053,0.0593783,1.06298,5.33781e-08
5.59053,0.0593251,1.0637,2.59726e-08
5.60053,0.0592703,1.06443,2.85867e-08
5.61053,0.0592138,1.06516,2.00856e-08
5.62053,0.0591556,1.06588,1.7301e-08
5.63053,0.0590958,1.06661,-5.93632e-09
5.64053,0.0590343,1.06734,2.00989e-08
5.65053,0.0589711,1.06807,2.22813e-08
5.66053,0.0589062,1.06879,1.26237e-08
5.67053,0.0588396,1.06952,3.38348e-08
5.68053,0.0587714,1.07025,5.37013e-08
5.69053,0.0587014,1.07098,3.32789e-08
5.70052,0.0586298,1.0717,3.05757e-08
5.71052,0.0585565,1.07243,5.28956e-08
5.72052,0.0584815,1.07316,1.8591e-08
5.73052,0.0584048,1.07389,8.10066e-09
5.74052,0.0583264,1.07462,1.58733e-08
5.75052,0.0582463,1.07535,1.99373e-08
5.76052,0.0581645,1.07607,-1.12008e-08
5.77052,0.0580811,1.0768,2.80113e-08
5.78052,0.0579959,1.07753,2.6242e-08
5.79052,0.057909,1.07826,3.39766e-08
5.80052,0.0578204,1.07899,2.58571e-08
5.81052,0.0577301,1.07972,6.25506e-08
5.82051,0.057638,1.08045,2.39274e-08
5.83051,0.0575443,1.08118,4.02875e-08
5.84051,0.0574489,1.08191,1.51578e-08
5.85051,0.0573517,1.08264,2.98409e-08
5.86051,0.0572528,1.08336,-8.1155e-09
5.87051,0.0571522,1.08409,2.34309e-08
5.88051,0.0570499,1.08482,-7.55161e-09
5.89051,0.0569459,1.08555,3.54487e-08
5.90051,0.0568401,1.08628,8.11196e-09
5.91051,0.0567326,1.08701,4.57032e-08
5.92051,0.0566233,1.08774,2.48067e-08
5.93051,0.0565124,1.08847,6.4924e-08
5.9405,0.0563996,1.0892,8.80346e-09
5.9505,0.0562852,1.08993,5.19651e-08
5.9605,0.056169,1.09066,1.26493e-08
5.9705,0.0560511,1.09139,2.58221e-08
5.9805,0.0559314,1.09213,-1.95656e-08
5.9905,0.05581,1.09286,4.18956e-08
6.0005,0.0556868,1.09359,-1.50857e-08
6.0105,0.0555618,1.09432,2.51845e-08
6.0205,0.0554351,1.09505,1.40716e-08
6.0305,0.0553067,1.09578,6.20125e-08
6.0405,0.0551765,1.09651,1.90687e-10
6.0505,0.0550445,1.09724,6.71957e-08
6.06049,0.0549108,1.09797,2.62807e-08
6.07049,0.0547752,1.0987,4.02877e-08
6.08049,0.054638,1.09943,-6.59185e-09
6.09049,0.0544989,1.10017,4.94441e-08
6.10049,0.0543581,1.1009,-2.18088e-08
6.11049,0.0542154,1.10163,2.02448e-08
6.12049,0.054071,1.10236,-4.33559e-09
6.13049,0.0539248,1.10309,4.02131e-08
6.14049,0.0537769,1.10382,-5.68003e-09
6.15049,0.0536271,1.10456,5.94195e-08
6.16049,0.0534755,1.10529,1.88131e-08
6.17049,0.0533222,1.10602,5.80568e-08
6.18048,0.053167,1.10675,1.32905e-08
6.19048,0.05301,1.10748,5.00833e-08
6.20048,0.0528512,1.10822,-1.68074e-09
6.21048,0.0526907,1.10895,3.3048e-08
6.22048,0.0525283,1.10968,-1.86967e-08
6.23048,0.052364,1.11041,2.57429e-08
6.24048,0.052198,1.11115,-4.9844e-09
6.25048,0.0520301,1.11188,3.00851e-08
6.26048,0.0518605,1.11261,1.88302e-09
6.27048,0.0516889,1.11334,6.13966e-08
6.28048,0.0515156,1.11408,1.81896e-08
6.29048,0.0513404,1.11481,4.41164e-08
6.30047,0.0511634,1.11554,2.75448e-08
6.31047,0.0509845,1.11627,4.78005e-08
6.32047,0.0508038,1.11701,-1.3061e-08
6.33047,0.0506212,1.11774,2.84935e-08
6.34047,0.0504368,1.11847,3.67659e-09
6.35047,0.0502505,1.11921,3.9556e-09
6.36047,0.0500624,1.11994,-7.73062e-09
6.37047,0.0498724,1.12067,4.36677e-08
6.38047,0.0496805,1.12141,7.41433e-09
6.39047,0.0494868,1.12214,3.22482e-08
6.40047,0.0492912,1.12287,4.0644e-08
6.41047,0.0490937,1.12361,4.72035e-08
6.42046,0.0488943,1.12434,1.26447e-08
6.43046,0.0486931,1.12507,3.75242e-08
6.44046,0.0484899,1.12581,1.64347e-08
6.45046,0.0482849,1.12654,4.51313e-09
6.46046,0.0480779,1.12727,-1.13895e-09
6.47046,0.0478691,1.12801,1.38008e-08
6.48046,0.0476583,1.12874,2.49606e-09
6.49046,0.0474457,1.12948,1.5418e-08
6.50046,0.0472311,1.13021,2.67811e-08
6.51046,0.0470146,1.13094,3.22264e-08
6.52046,0.0467962,1.13168,3.7813e-08
6.53046,0.0465759,1.13241,3.31944e-08
6.54045,0.0463536,1.13315,3.17831e-08
6.55045,0.0461294,1.13388,2.4649e-08
6.56045,0.0459033,1.13461,1.75634e-08
6.57045,0.0456752,1.13535,-5.89514e-09
6.58045,0.0454451,1.13608,1.58714e-08
6.59045,0.0452132,1.13682,1.92221e-10
6.60045,0.0449792,1.13755,3.8141e-09
6.61045,0.0447433,1.13829,1.16828e-08
6.62045,0.0445054,1.13902,4.50936e-08
6.63045,0.0442656,1.13975,9.76548e-09
6.64045,0.0440238,1.14049,4.35549e-08
6.65045,0.04378,1.14122,3.83975e-08
6.66044,0.0435342,1.14196,3.53951e-08
6.67044,0.0432865,1.14269,-2.78624e-09
6.68044,0.0430367,1.14343,4.03358e-08
6.69044,0.042785,1.14416,-7.35722e-09
6.70044,0.0425312,1.1449,1.95748e-09
6.71044,0.0422755,1.14563,-5.76246e-09
6.72044,0.0420177,1.14637,3.37648e-08
6.73044,0.0417579,1.1471,-1.3993e-08
6.74044,0.0414961,1.14784,4.22274e-08
6.75044,0.0412322,1.14857,2.51947e-08
6.76044,0.0409664,1.1493,4.70169e-08
6.77044,0.0406984,1.15004,9.22241e-09
6.78043,0.0404285,1.15077,5.64909e-08
6.79043,0.0401565,1.15151,-1.57527e-09
6.80043,0.0398824,1.15224,2.65623e-08
6.81043,0.0396063,1.15298,-1.39062e-08
6.82043,0.0393281,1.15371,2.27245e-08
6.83043,0.0390479,1.15445,-2.04948e-08
6.84043,0.0387656,1.15518,2.98254e-08
6.85043,0.0384812,1.15592,-8.36331e-09
6.86043,0.0381947,1.15665,5.03133e-08
6.87043,0.0379061,1.15739,1.04609e-08
6.88043,0.0376154,1.15812,5.05604e-08
6.89043,0.0373227,1.15886,1.24055e-08
6.90042,0.0370278,1.15959,5.68188e-08
6.91042,0.0367308,1.16033,-1.3859e-08
6.92042,0.0364317,1.16106,3.01378e-08
6.93042,0.0361304,1.1618,-8.51448e-09
6.94042,0.035827,1.16253,1.74009e-08
6.95042,0.0355215,1.16327,-3.16034e-08
6.96042,0.0352139,1.164,4.37039e-08
6.97042,0.0349041,1.16474,-4.9109e-09
6.98042,0.0345921,1.16547,3.20667e-08
6.99042,0.034278,1.16621,1.67491e-08
7.00042,0.0339617,1.16694,6.61763e-08
7.01042,0.0336432,1.16768,-5.96145e-09
7.02041,0.0333226,1.16841,4.70741e-08
7.03041,0.0329997,1.16915,9.38041e-09
7.04041,0.0326747,1.16988,1.94169e-08
7.05041,0.0323475,1.17062,-2.65998e-08
7.06041,0.032018,1.17135,3.21415e-08
7.07041,0.0316864,1.17209,-2.07191e-08
7.08041,0.0313525,1.17282,1.74399e-08
7.09041,0.0310164,1.17356,3.91456e-09
7.10041,0.0306781,1.17429,4.636e-08
7.11041,0.0303375,1.17503,5.84952e-09
7.12041,0.0299947,1.17576,5.13441e-08
7.13041,0.0296496,1.17649,1.677e-08
7.1404,0.0293023,1.17723,3.7781e-08
7.1504,0.0289526,1.17796,-1.40704e-09
7.1604,0.0286008,1.1787,2.08934e-08
7.1704,0.0282466,1.17943,-1.35507e-08
7.1804,0.0278901,1.18017,1.39836e-08
7.1904,0.0275314,1.1809,-1.5958e-08
7.2004,0.0271703,1.18164,1.78301e-08
7.2104,0.0268069,1.18237,1.2131e-08
7.2204,0.0264412,1.1831,3.12709e-08
7.2304,0.0260732,1.18384,1.29088e-08
7.2404,0.0257028,1.18457,5.10794e-08
7.2504,0.0253301,1.18531,2.22264e-08
7.26039,0.0249551,1.18604,1.59114e-08
7.27039,0.0245776,1.18678,1.44304e-08
7.28039,0.0241979,1.18751,1.94686e-08
7.29039,0.0238157,1.18824,-2.08415e-08
7.30039,0.0234311,1.18898,1.72456e-09
7.31039,0.0230442,1.18971,1.20707e-08
7.32039,0.0226548,1.19044,-1.06344e-09
7.33039,0.0222631,1.19118,6.80446e-09
7.34039,0.0218689,1.19191,3.96314e-08
7.35039,0.0214723,1.19265,2.79389e-08
7.36039,0.0210733,1.19338,1.68762e-08
7.37039,0.0206718,1.19411,3.94085e-08
7.38038,0.0202679,1.19485,2.27443e-08
7.39038,0.0198615,1.19558,3.36689e-09
7.40038,0.0194526,1.19631,7.9888e-10
7.41038,0.0190413,1.19704,1.1722e-08
7.42038,0.0186274,1.19778,-1.69815e-08
7.43038,0.0182111,1.19851,4.8526e-09
7.44038,0.0177923,1.19924,5.1602e-09
7.45038,0.0173709,1.19998,2.28992e-08
7.46038,0.016947,1.20071,1.19669e-08
7.47038,0.0165206,1.20144,4.1182e-08
7.48038,0.0160916,1.20217,1.80918e-08
7.49038,0.0156601,1.20291,3.99716e-08
7.50037,0.015226,1.20364,4.70392e-09
7.51037,0.0147894,1.20437,1.95189e-08
7.52037,0.0143501,1.2051,-6.7295e-09
7.53037,0.0139083,1.20583,1.21147e-08
7.54037,0.0134638,1.20657,-2.87984e-08
7.55037,0.0130167,1.2073,2.17524e-08
7.56037,0.012567,1.20803,-3.17566e-09
7.57037,0.0121147,1.20876,2.12967e-08
7.58037,0.0116597,1.20949,6.41224e-09
7.59037,0.0112021,1.21022,5.98679e-08
7.60037,0.0107418,1.21096,3.52489e-10
7.61037,0.0102788,1.21169,3.67046e-08
7.62036,0.00981308,1.21242,1.20583e-08
7.63036,0.00934469,1.21315,2.63904e-08
7.64036,0.00887358,1.21388,-3.4768e-08
7.65036,0.00839974,1.21461,2.78631e-08
7.66036,0.00792317,1.21534,-1.9949e-08
7.67036,0.00744385,1.21607,5.82496e-09
7.68036,0.00696176,1.2168,-1.15435e-08
7.69036,0.0064769,1.21753,4.99715e-08
7.70036,0.00598925,1.21826,-1.01533e-08
7.71036,0.00549881,1.21899,4.72256e-08
7.72036,0.00500555,1.21972,1.62534e-08
7.73036,0.00450947,1.22045,4.21652e-08
7.74035,0.00401056,1.22118,-1.4122e-08
7.75035,0.00350879,1.22191,3.62111e-08
7.76035,0.00300416,1.22263,-2.39377e-08
7.77035,0.00249666,1.22336,1.33441e-08
7.78035,0.00198627,1.22409,-2.738e-08
7.79035,0.00147298,1.22482,2.29214e-08
7.80035,0.000956778,1.22555,-1.59234e-08
7.81035,0.000437644,1.22628,3.8513e-08
7.82035,-8.44309e-05,1.227,-2.59338e-09
7.83035,-0.000609463,1.22773,5.24939e-08
7.84035,-0.00113747,1.22846,7.74248e-09
7.85035,-0.00166845,1.22919,3.68504e-08
7.86034,-0.00220244,1.22991,-7.61421e-09
7.87034,-0.00273944,1.23064,3.52222e-08
7.88034,-0.00327946,1.23137,-3.08359e-08
7.89034,-0.00382253,1.23209,7.6649e-09
7.90034,-0.00436866,1.23282,-1.36112e-08
7.91034,-0.00491786,1.23354,1.66826e-08
7.92034,-0.00547015,1.23427,-2.57542e-08
7.93034,-0.00602555,1.235,4.56738e-08
7.94034,-0.00658406,1.23572,1.08555e-08
7.95034,-0.00714571,1.23645,2.80786e-08
7.96034,-0.00771051,1.23717,1.29698e-08
7.97034,-0.00827848,1.2379,4.98734e-08
7.98033,-0.00884963,1.23862,-1.69056e-08
7.99033,-0.00942399,1.23934,1.44947e-08
8.00033,-0.0100016,1.24007,-4.14385e-09
8.01033,-0.0105824,1.24079,5.20913e-10
8.02033,-0.0111664,1.24151,-2.94783e-08
8.03033,-0.0117538,1.24224,2.16114e-08
8.04033,-0.0123444,1.24296,-3.23199e-09
8.05033,-0.0129383,1.24368,1.67223e-08
8.06033,-0.0135356,1.2444,1.63942e-08
8.07033,-0.0141362,1.24513,4.02845e-08
8.08033,-0.0147401,1.24585,1.01784e-08
8.09033,-0.0153474,1.24657,2.61142e-08
8.10032,-0.0159582,1.24729,6.83553e-09
8.11032,-0.0165723,1.24801,6.43353e-09
8.12032,-0.0171899,1.24873,-1.09041e-08
8.13032,-0.0178109,1.24945,-5.30598e-09
8.14032,-0.0184355,1.25017,-1.10098e-08
8.15032,-0.0190635,1.25089,5.16571e-09
8.16032,-0.019695,1.25161,1.28455e-09
8.17032,-0.0203301,1.25233,1.23611e-08
8.18032,-0.0209687,1.25305,3.08212e-08
8.19032,-0.0216109,1.25377,2.26618e-08
8.20032,-0.0222568,1.25449,1.48755e-08
8.21032,-0.0229062,1.2552,2.41097e-08
8.22031,-0.0235593,1.25592,1.71213e-08
8.23031,-0.024216,1.25664,-1.85284e-08
8.24031,-0.0248765,1.25735,2.88315e-09
8.25031,-0.0255407,1.25807,-3.5466e-09
8.26031,-0.0262086,1.25879,-1.37398e-08
8.27031,-0.0268802,1.2595,-1.3374e-08
8.28031,-0.0275557,1.26022,3.07295e-08
8.29031,-0.0282349,1.26093,-1.40915e-10
8.30031,-0.028918,1.26165,2.05197e-08
8.31031,-0.029605,1.26236,2.6505e-08
8.32031,-0.0302958,1.26307,3.61871e-08
8.33031,-0.0309906,1.26379,-1.05522e-08
8.3403,-0.0316892,1.2645,2.6727e-08
8.3503,-0.0323919,1.26521,-7.02717e-09
8.3603,-0.0330985,1.26592,-4.36101e-09
8.3703,-0.0338092,1.26663,-2.60053e-08
8.3803,-0.0345239,1.26735,1.66242e-08
8.3903,-0.0352427,1.26806,-2.33934e-08
8.4003,-0.0359655,1.26877,2.04506e-08
8.4103,-0.0366925,1.26948,2.47423e-09
8.4203,-0.0374237,1.27019,3.88687e-08
8.4303,-0.0381591,1.27089,3.30163e-09
8.4403,-0.0388986,1.2716,4.03907e-08
8.4503,-0.0396424,1.27231,-6.44512e-09
8.46029,-0.0403905,1.27302,2.88041e-08
8.47029,-0.0411429,1.27372,-2.45953e-08
8.48029,-0.0418997,1.27443,6.62238e-09
8.49029,-0.0426608,1.27514,-2.68215e-08
8.50029,-0.0434264,1.27584,1.60537e-08
8.51029,-0.0441963,1.27655,-3.36771e-08
8.52029,-0.0449708,1.27725,3.24253e-08
8.53029,-0.0457498,1.27795,2.02531e-09
8.54029,-0.0465333,1.27866,3.31547e-08
8.55029,-0.0473214,1.27936,-3.79273e-09
8.56029,-0.0481141,1.28006,5.68904e-08
8.57029,-0.0489114,1.28076,-1.61529e-08
8.58028,-0.0497135,1.28146,1.56564e-08
8.59028,-0.0505203,1.28216,-1.38714e-08
8.60028,-0.0513318,1.28286,1.54647e-08
8.61028,-0.0521482,1.28356,-5.09838e-08
8.62028,-0.0529694,1.28426,2.24693e-08
8.63028,-0.0537955,1.28496,-1.49976e-08
8.64028,-0.0546265,1.28566,1.55403e-08
8.65028,-0.0554625,1.28635,-7.7733e-09
8.66028,-0.0563035,1.28705,5.60241e-08
8.67028,-0.0571496,1.28774,-8.55294e-09
8.68028,-0.0580007,1.28844,3.46448e-08
8.69028,-0.058857,1.28913,-6.16899e-10
8.70027,-0.0597185,1.28982,2.28826e-08
8.71027,-0.0605853,1.29052,-3.39203e-08
8.72027,-0.0614573,1.29121,1.37813e-08
8.73027,-0.0623346,1.2919,-3.07418e-08
8.74027,-0.0632174,1.29259,7.72346e-09
8.75027,-0.0641055,1.29328,-2.12571e-08
8.76027,-0.0649992,1.29397,2.65563e-08
8.77027,-0.0658984,1.29466,-2.69849e-09
8.78027,-0.0668031,1.29534,3.89874e-08
8.79027,-0.0677135,1.29603,-2.83007e-10
8.80027,-0.0686296,1.29671,3.56269e-08
8.81027,-0.0695515,1.2974,-8.60811e-10
8.82026,-0.0704792,1.29808,9.86111e-09
8.83026,-0.0714127,1.29877,-2.48558e-08
8.84026,-0.0723521,1.29945,1.28656e-08
8.85026,-0.0732976,1.30013,-3.13044e-08
8.86026,-0.0742491,1.30081,-5.95026e-09
8.87026,-0.0752067,1.30149,-1.34437e-09
8.88026,-0.0761704,1.30217,2.04134e-08
8.89026,-0.0771405,1.30284,-1.05964e-08
8.90026,-0.0781168,1.30352,3.80667e-08
8.91026,-0.0790995,1.3042,2.11103e-08
8.92026,-0.0800886,1.30487,9.1522e-09
8.93026,-0.0810843,1.30554,1.32594e-09
8.94025,-0.0820865,1.30622,2.06469e-08
8.95025,-0.0830954,1.30689,-2.35928e-08
8.96025,-0.084111,1.30756,-1.60219e-08
8.97025,-0.0851335,1.30823,-3.80779e-09
8.98025,-0.0861628,1.3089,-7.32587e-09
8.99025,-0.0871992,1.30956,-1.50636e-08
9.00025,-0.0882425,1.31023,1.66951e-08
9.01025,-0.0892485,1.31086,1.75343e-08
9.02025,-0.0901268,1.31142,3.41828e-09
9.03025,-0.090754,1.31181,1.33599e-08
9.04025,-0.0910676,1.312,1.27231e-08
9.05025,-0.0911286,1.31204,4.67339e-09
9.06024,-0.0910992,1.31202,-4.31796e-09
9.07024,-0.09112,1.31204,5.94301e-10
9.08024,-0.091254,1.31212,-1.86711e-08
9.09024,-0.0914453,1.31224,-7.39133e-09
9.10024,-0.0915943,1.31233,-2.11167e-08
9.11024,-0.0916287,1.31235,2.51629e-09
9.12024,-0.0915568,1.31231,4.8717e-09
9.13024,-0.0914658,1.31225,2.46811e-08
9.14024,-0.0914323,1.31223,5.65836e-09
9.15024,-0.091473,1.31226,4.07726e-08
9.16024,-0.091552,1.3123,2.72381e-09
9.17024,-0.0916101,1.31234,4.97015e-09
9.18023,-0.091619,1.31235,-1.1285e-08
9.19023,-0.0915807,1.31232,1.18344e-08
9.20023,-0.0915397,1.3123,-4.15529e-08
9.21023,-0.0915234,1.31229,2.93132e-09
9.22023,-0.0915338,1.31229,-1.0082e-08
9.23023,-0.0915558,1.31231,7.57776e-09
9.24023,-0.0915701,1.31232,-1.663e-08
9.25023,-0.0915719,1.31232,4.95791e-08
9.26023,-0.0915657,1.31231,3.34127e-10
9.27023,-0.0915597,1.31231,2.46648e-08
9.28023,-0.0915576,1.31231,4.47786e-09
9.29023,-0.0915586,1.31231,3.10056e-08
9.30022,-0.0915605,1.31231,-3.79536e-08
9.31022,-0.0915616,1.31231,1.29909e-08
9.32022,-0.0915617,1.31231,-2.62566e-08
9.33022,-0.0915613,1.31231,-2.19431e-10
9.34022,-0.091561,1.31231,-3.12585e-08
9.35022,-0.0915609,1.31231,3.1141e-08
9.36022,-0.0915609,1.31231,-1.51257e-08
9.37022,-0.091561,1.31231,3.67815e-08
9.38022,-0.0915611,1.31231,7.62439e-10
9.39022,-0.0915611,1.31231,4.14166e-08
9.40022,-0.0915611,1.31231,-1.03953e-08
9.41022,-0.0915611,1.31231,2.72201e-08
9.42021,-0.0915611,1.31231,-3.01288e-08
9.43021,-0.0915611,1.31231,1.50984e-08
9.44021,-0.0915611,1.31231,-3.69636e-08
9.45021,-0.0915611,1.31231,3.97768e-09
9.46021,-0.0915611,1.31231,-2.57931e-08
9.47021,-0.0915611,1.31231,3.10602e-08
9.48021,-0.0915611,1.31231,-2.13848e-08
9.49021,-0.0915611,1.31231,4.00028e-08
9.50021,-0.0915611,1.31231,9.80367e-09
9.51021,-0.0915611,1.31231,3.26994e-08
9.52021,-0.0915611,1.31231,-1.7746e-08
9.53021,-0.0915611,1.31231,3.94737e-08
9.5402,-0.0915611,1.31231,-2.85166e-08
9.5502,-0.0915611,1.31231,-5.20919e-09
9.5602,-0.0915611,1.31231,-2.3797e-08
9.5702,-0.0915611,1.31231,1.43236e-08
9.5802,-0.0915611,1.31231,-4.12062e-08
9.5902,-0.0915611,1.31231,2.6384e-08
9.6002,-0.0915611,1.31231,4.85362e-09
9.6102,-0.0915611,1.31231,2.50226e-08
9.6202,-0.0915611,1.31231,-6.76099e-10
9.6302,-0.0915611,1.31231,4.7186e-08
9.6402,-0.0915611,1.31231,-9.52231e-09
9.6502,-0.0915611,1.31231,1.10113e-08
9.66019,-0.0915611,1.31231,-1.36754e-08
9.67019,-0.0915611,1.31231,3.27931e-09
9.68019,-0.0915611,1.31231,-3.4835e-08
9.69019,-0.0915611,1.31231,3.94489e-09
9.70019,-0.0915611,1.31231,-1.52069e-08
9.71019,-0.0915611,1.31231,1.30407e-08
9.72019,-0.0915611,1.31231,2.03693e-09
9.73019,-0.0915611,1.31231,2.80843e-08
9.74019,-0.0915611,1.31231,1.15148e-08
9.75019,-0.0915611,1.31231,2.89657e-08
9.76019,-0.0915611,1.31231,-1.7118e-09
9.77019,-0.0915611,1.31231,7.81777e-09
9.78018,-0.0915611,1.31231,-5.0976e-09
9.79018,-0.0915611,1.31231,-1.32088e-08
9.80018,-0.0915611,1.31231,-2.49116e-08
9.81018,-0.0915611,1.31231,3.65613e-09
9.82018,-0.0915611,1.31231,-8.56525e-09
9.83018,-0.0915611,1.31231,-5.74833e-09
9.84018,-0.0915611,1.31231,2.26682e-08
9.85018,-0.0915611,1.31231,2.47952e-08
9.86018,-0.0915611,1.31231,6.21815e-09
9.87018,-0.0915611,1.31231,1.94102e-08
9.88018,-0.0915611,1.31231,2.49784e-08
9.89018,-0.0915611,1.31231,-1.49023e-08
9.90017,-0.0915611,1.31231,-7.68931e-09
9.91017,-0.0915611,1.31231,-3.64838e-09
9.92017,-0.0915611,1.31231,-1.36694e-08
9.93017,-0.0915611,1.31231,-2.83247e-08
9.94017,-0.0915611,1.31231,1.56206e-08
9.95017,-0.0915611,1.31231,-8.12044e-10
9.96017,-0.0915611,1.31231,1.1544e-08
9.97017,-0.0915611,1.31231,1.45412e-08
9.98017,-0.0915611,1.31231,3.72651e-08
9.99017,-0.0915611,1.31231,-3.06252e-09
10.0002,-0.0915611,1.31231,2.18229e-08
10.0102,-0.0915611,1.31231,-8.07251e-09
10.0202,-0.0915611,1.31231,2.48466e-09
10.0302,-0.0915611,1.31231,-2.85695e-08
10.0402,-0.0915611,1.31231,1.78867e-09
10.0502,-0.0915611,1.31231,-2.70594e-08
10.0602,-0.0915611,1.31231,1.62516e-08
10.0702,-0.0915611,1.31231,-1.29534e-08
10.0802,-0.0915611,1.31231,2.90029e-08
10.0902,-0.0915611,1.31231,7.96669e-09
10.1002,-0.0915611,1.31231,3.78065e-08
10.1102,-0.0915611,1.31231,-1.13985e-08
10.1202,-0.0915611,1.31231,3.54326e-08
10.1302,-0.0915611,1.31231,-1.63914e-08
10.1402,-0.0915611,1.31231,-4.20131e-10
10.1502,-0.0915611,1.31231,-3.15716e-08
10.1602,-0.0915611,1.31231,1.85853e-08
10.1702,-0.0915611,1.31231,-4.28086e-08
10.1802,-0.0915611,1.31231,1.52552e-08
10.1902,-0.0915611,1.31231,1.9698e-10
10.2001,-0.0915611,1.31231,3.19701e-08
10.2101,-0.0915611,1.31231,-1.47629e-08
10.2201,-0.0915611,1.31231,5.63493e-08
10.2301,-0.0915611,1.31231,-4.99955e-09
10.2401,-0.0915611,1.31231,1.57825e-08
10.2501,-0.0915611,1.31231,-1.74015e-08
10.2601,-0.0915611,1.31231,2.22825e-08
10.2701,-0.0915611,1.31231,-4.92145e-08
10.2801,-0.0915611,1.31231,9.38107e-09
10.2901,-0.0915611,1.31231,-2.25194e-08
10.3001,-0.0915611,1.31231,1.58173e-08
10.3101,-0.0915611,1.31231,-1.89124e-08
10.3201,-0.0915611,1.31231,4.48298e-08
10.3301,-0.0915611,1.31231,-3.37753e-09
10.3401,-0.0915611,1.31231,3.87326e-08
10.3501,-0.0915611,1.31231,-5.43622e-09
10.3601,-0.0915611,1.31231,2.86308e-08
10.3701,-0.0915611,1.31231,-2.35345e-08
10.3801,-0.0915611,1.31231,1.11173e-08
10.3901,-0.0915611,1.31231,-3.80562e-08
10.4001,-0.0915611,1.31231,9.80894e-09
10.4101,-0.0915611,1.31231,-2.5627e-08
10.4201,-0.0915611,1.31231,1.16521e-08
10.4301,-0.0915611,1.31231,-8.56949e-09
10.4401,-0.0915611,1.31231,4.34336e-08
10.4501,-0.0915611,1.31231,-6.61928e-09
10.4601,-0.0915611,1.31231,3.27399e-08
10.4701,-0.0915611,1.31231,1.08096e-08
10.4801,-0.0915611,1.31231,1.68553e-08
10.4901,-0.0915611,1.31231,-2.99139e-08
10.5001,-0.0915611,1.31231,1.77001e-08
10.5101,-0.0915611,1.31231,-2.62584e-08
10.5201,-0.0915611,1.31231,-1.52301e-08
10.5301,-0.0915611,1.31231,-1.27306e-08
10.5401,-0.0915611,1.31231,2.22125e-08
10.5501,-0.0915611,1.31231,-1.58513e-08
10.5601,-0.0915611,1.31231,2.71131e-08
10.5701,-0.0915611,1.31231,2.3689e-08
10.5801,-0.0915611,1.31231,2.00459e-08
10.5901,-0.0915611,1.31231,-1.46435e-09
10.6001,-0.0915611,1.31231,2.35367e-08
10.6101,-0.0915611,1.31231,-1.14444e-08
10.6201,-0.0915611,1.31231,-1.41962e-08
10.6301,-0.0915611,1.31231,-1.33352e-08
10.6401,-0.0915611,1.31231,-6.07408e-09
10.6501,-0.0915611,1.31231,-1.62938e-08
10.6601,-0.0915611,1.31231,4.97481e-09
10.6701,-0.0915611,1.31231,1.10702e-08
10.6801,-0.0915611,1.31231,1.61013e-08
10.6901,-0.0915611,1.31231,2.17814e-08
10.7001,-0.0915611,1.31231,1.56756e-08
10.7101,-0.0915611,1.31231,1.50227e-08
10.7201,-0.0915611,1.31231,5.82936e-09
10.7301,-0.0915611,1.31231,-5.91465e-09
10.7401,-0.0915611,1.31231,-1.89945e-08
10.7501,-0.0915611,1.31231,2.65755e-10
10.7601,-0.0915611,1.31231,-2.29966e-08
10.7701,-0.0915611,1.31231,-7.83393e-09
10.7801,-0.0915611,1.31231,4.92797e-09
10.7901,-0.0915611,1.31231,2.17376e-08
10.8001,-0.0915611,1.31231,-5.33737e-09
10.8101,-0.0915611,1.31231,3.80534e-08
10.8201,-0.0915611,1.31231,1.66722e-08
10.8301,-0.0915611,1.31231,1.01427e-08
10.8401,-0.0915611,1.31231,-9.92517e-09
10.8501,-0.0915611,1.31231,2.25188e-08
10.8601,-0.0915611,1.31231,-3.52164e-08
10.8701,-0.0915611,1.31231,-8.34612e-09
10.8801,-0.0915611,1.31231,-1.33361e-08
10.8901,-0.0915611,1.31231,8.91265e-09
10.9001,-0.0915611,1.31231,-2.63198e-08
10.9101,-0.0915611,1.31231,3.83192e-08
10.9201,-0.0915611,1.31231,5.39152e-09
10.9301,-0.0915611,1.31231,2.77476e-08
10.9401,-0.0915611,1.31231,1.85625e-09
10.9501,-0.0915611,1.31231,3.7589e-08
10.9601,-0.0915611,1.31231,-2.335e-08
10.9701,-0.0915611,1.31231,1.29742e-08
10.9801,-0.0915611,1.31231,-2.91338e-08
10.9901,-0.0915611,1.31231,4.96617e-09
11.0001,-0.0915611,1.31231,-3.3606e-08
11.0101,-0.0915611,1.31231,1.64064e-08
11.0201,-0.0915611,1.31231,-1.91118e-08
11.0301,-0.0915611,1.31231,3.80851e-08
11.0401,-0.0915611,1.31231,-5.58145e-09
11.0501,-0.0915611,1.31231,3.85164e-08
11.0601,-0.0915611,1.31231,1.05817e-09
11.0701,-0.0915611,1.31231,3.50502e-08
11.0801,-0.0915611,1.31231,-3.0878e-08
11.0901,-0.0915611,1.31231,2.12523e-08
11.1001,-0.0915611,1.31231,-2.79706e-08
11.1101,-0.0915611,1.31231,-3.24016e-09
11.1201,-0.0915611,1.31231,-3.52805e-08
11.1301,-0.0915611,1.31231,3.24939e-08
11.1401,-0.0915611,1.31231,-2.71529e-08
11.1501,-0.0915611,1.31231,2.71961e-08
11.1601,-0.0915611,1.31231,1.16831e-08
11.1701,-0.0915611,1.31231,4.10551e-08
11.1801,-0.0915611,1.31231,-1.92713e-08
11.1901,-0.0915611,1.31231,4.28549e-08
11.2001,-0.0915611,1.31231,-1.45996e-08
11.2101,-0.0915611,1.31231,-6.39003e-10
11.2201,-0.0915611,1.31231,-3.05679e-08
11.2301,-0.0915611,1.31231,1.64911e-08
11.2401,-0.0915611,1.31231,-4.0419e-08
11.2501,-0.0915611,1.31231,1.29758e-08
11.2601,-0.0915611,1.31231,-4.29822e-09
11.2701,-0.0915611,1.31231,2.94703e-08
11.2801,-0.0915611,1.31231,-4.27141e-09
11.2901,-0.0915611,1.31231,4.2912e-08
11.3001,-0.0915611,1.31231,1.6748e-10
11.3101,-0.0915611,1.31231,2.24716e-08
11.3201,-0.0915611,1.31231,-1.46244e-08
11.3301,-0.0915611,1.31231,6.67076e-09
11.3401,-0.0915611,1.31231,-2.72298e-08
11.3501,-0.0915611,1.31231,6.90552e-10
11.3601,-0.0915611,1.31231,-2.79285e-08
11.3701,-0.0915611,1.31231,1.18804e-08
11.3801,-0.0915611,1.31231,-6.1406e-11
11.3901,-0.0915611,1.31231,1.73574e-08
11.4,-0.0915611,1.31231,8.63272e-09
11.41,-0.0915611,1.31231,4.03066e-08
11.42,-0.0915611,1.31231,3.97913e-11
11.43,-0.0915611,1.31231,8.79556e-09
11.44,-0.0915611,1.31231,5.89531e-09
11.45,-0.0915611,1.31231,-4.54883e-09
11.46,-0.0915611,1.31231,-3.2367e-08
11.47,-0.0915611,1.31231,1.19121e-09
11.48,-0.0915611,1.31231,-6.99573e-09
11.49,-0.0915611,1.31231,-1.45511e-08
11.5,-0.0915611,1.31231,8.88464e-09
11.51,-0.0915611,1.31231,2.85366e-08
11.52,-0.0915611,1.31231,8.21079e-09
11.53,-0.0915611,1.31231,1.4537e-08
11.54,-0.0915611,1.31231,3.06532e-08
11.55,-0.0915611,1.31231,5.57175e-10
11.56,-0.0915611,1.31231,-7.60676e-09
11.57,-0.0915611,1.31231,-4.01235e-09
11.58,-0.0915611,1.31231,-7.15231e-09
11.59,-0.0915611,1.31231,-2.87117e-08
11.6,-0.0915611,1.31231,1.60866e-09
11.61,-0.0915611,1.31231,-5.04938e-09
11.62,-0.0915611,1.31231,1.15863e-08
11.63,-0.0915611,1.31231,7.17625e-09
11.64,-0.0915611,1.31231,3.11988e-08
11.65,-0.0915611,1.31231,8.15007e-09
11.66,-0.0915611,1.31231,2.80444e-08
11.67,-0.0915611,1.31231,-8.43475e-09
11.68,-0.0915611,1.31231,1.00308e-08
11.69,-0.0915611,1.31231,-1.78451e-08
11.7,-0.0915611,1.31231,-4.29671e-09
11.71,-0.0915611,1.31231,-3.33724e-08
11.72,-0.0915611,1.31231,1.65746e-08
11.73,-0.0915611,1.31231,-1.79405e-08
11.74,-0.0915611,1.31231,1.50889e-08
11.75,-0.0915611,1.31231,7.5905e-09
11.76,-0.0915611,1.31231,4.4007e-08
11.77,-0.0915611,1.31231,-1.30538e-08
11.78,-0.0915611,1.31231,3.6335e-08
11.79,-0.0915611,1.31231,-8.50885e-10
11.8,-0.0915611,1.31231,4.75507e-09
11.81,-0.0915611,1.31231,-3.61623e-08
11.82,-0.0915611,1.31231,2.21176e-08
11.83,-0.0915611,1.31231,-3.99472e-08
11.84,-0.0915611,1.31231,1.90452e-09
11.85,-0.0915611,1.31231,-8.49549e-09
11.86,-0.0915611,1.31231,3.38005e-08
11.87,-0.0915611,1.31231,-1.85203e-08
11.88,-0.0915611,1.31231,4.90196e-08
11.89,-0.0915611,1.31231,3.47049e-09
11.9,-0.0915611,1.31231,2.69468e-08
11.91,-0.0915611,1.31231,-1.77795e-08
11.92,-0.0915611,1.31231,2.57575e-08
11.93,-0.0915611,1.31231,-3.78986e-08
11.94,-0.0915611,1.31231,6.342e-09
11.95,-0.0915611,1.31231,-3.30446e-08
11.96,-0.0915611,1.31231,1.52341e-08
11.97,-0.0915611,1.31231,-2.16851e-08
11.98,-0.0915611,1.31231,3.2497e-08
11.99,-0.0915611,1.31231,-6.98564e-09
12,-0.0915611,1.31231,4.65743e-08
12.011,-0.0915611,1.31231,1.86346e-08
12.021,-0.0915611,1.31231,-1.10906e-08
12.031,-0.0915611,1.31231,5.04712e-08
12.041,-0.0915611,1.31231,-2.85183e-10
12.051,-0.0915611,1.31231,2.31508e-08
12.061,-0.0915611,1.31231,-1.77508e-09
12.071,-0.0915611,1.31231,2.68279e-08
12.081,-0.0915611,1.31231,-4.50775e-08
12.091,-0.0915611,1.31231,1.1129e-08
12.101,-0.0915611,1.31231,-2.29263e-08
12.111,-0.0915611,1.31231,2.81463e-10
12.121,-0.0915611,1.31231,-2.94354e-08
12.131,-0.0915611,1.31231,4.38654e-08
12.141,-0.0915611,1.31231,-1.21575e-08
12.151,-0.0915611,1.31231,3.18626e-08
12.161,-0.0915611,1.31231,7.78897e-09
12.171,-0.0915611,1.31231,4.11895e-08
12.181,-0.0915611,1.31231,-2.63239e-08
12.191,-0.0915611,1.31231,2.6074e-08
12.201,-0.0915611,1.31231,-2.63335e-08
12.211,-0.0915611,1.31231,1.89515e-09
12.221,-0.0915611,1.31231,-3.67545e-08
12.231,-0.0915611,1.31231,1.77309e-08
12.241,-0.0915611,1.31231,-2.64047e-08
12.251,-0.0915611,1.31231,2.99886e-08
12.261,-0.0915611,1.31231,-6.45823e-09
12.271,-0.0915611,1.31231,4.08856e-08
12.281,-0.0915611,1.31231,1.55726e-09
12.291,-0.0915611,1.31231,3.37423e-08
12.301,-0.0915611,1.31231,-1.79923e-08
12.311,-0.0915611,1.31231,2.57053e-08
12.321,-0.0915611,1.31231,-3.08273e-08
12.331,-0.0915611,1.31231,-3.43853e-09
12.341,-0.0915611,1.31231,-2.54495e-08
12.351,-0.0915611,1.31231,1.54607e-08
12.361,-0.0915611,1.31231,-3.14713e-08
12.371,-0.0915611,1.31231,2.90309e-08
12.381,-0.0915611,1.31231,1.09145e-08
12.391,-0.0915611,1.31231,2.56451e-08
12.401,-0.0915611,1.31231,-1.99076e-09
12.411,-0.0915611,1.31231,4.50532e-08
12.421,-0.0915611,1.31231,-1.35263e-08
12.431,-0.0915611,1.31231,-1.30013e-09
12.441,-0.0915611,1.31231,-1.08883e-08
12.451,-0.0915611,1.31231,1.7221e-09
12.461,-0.0915611,1.31231,-3.99775e-08
12.471,-0.0915611,1.31231,9.62863e-09
12.481,-0.0915611,1.31231,-1.31815e-09
12.491,-0.0915611,1.31231,7.68584e-09
12.501,-0.0915611,1.31231,7.35224e-09
12.511,-0.0915611,1.31231,3.7708e-08
12.521,-0.0915611,1.31231,6.6e-09
12.531,-0.0915611,1.31231,1.63184e-08
12.541,-0.0915611,1.31231,5.17157e-09
12.551,-0.0915611,1.31231,3.18452e-10
12.561,-0.0915611,1.31231,-1.7424e-08
12.571,-0.0915611,1.31231,-1.01554e-08
12.581,-0.0915611,1.31231,-1.5656e-08
12.591,-0.0915611,1.31231,-4.74018e-09
12.6009,-0.0915611,1.31231,6.0779e-10
12.6109,-0.0915611,1.31231,5.78516e-09
12.6209,-0.0915611,1.31231,2.19755e-08
12.6309,-0.0915611,1.31231,2.17296e-08
12.6409,-0.0915611,1.31231,1.36471e-08
12.6509,-0.0915611,1.31231,1.06229e-08
12.6609,-0.0915611,1.31231,1.8486e-08
12.6709,-0.0915611,1.31231,-1.8981e-08
12.6809,-0.0915611,1.31231,-1.00015e-08
12.6909,-0.0915611,1.31231,-7.81096e-09
12.7009,-0.0915611,1.31231,-9.34762e-09
12.7109,-0.0915611,1.31231,-2.7405e-08
12.7209,-0.0915611,1.31231,2.4704e-08
12.7309,-0.0915611,1.31231,3.69376e-09
12.7409,-0.0915611,1.31231,1.31303e-08
12.7509,-0.0915611,1.31231,1.58717e-08
12.7609,-0.0915611,1.31231,4.12807e-08
12.7709,-0.0915611,1.31231,-1.46511e-08
12.7809,-0.0915611,1.31231,1.66586e-08
12.7909,-0.0915611,1.31231,-7.02928e-09
12.8009,-0.0915611,1.31231,-3.91016e-09
12.8109,-0.0915611,1.31231,-3.74251e-08
12.8209,-0.0915611,1.31231,1.45827e-08
12.8309,-0.0915611,1.31231,-2.35678e-08
12.8409,-0.0915611,1.31231,1.23144e-08
12.8509,-0.0915611,1.31231,-1.58513e-09
12.8609,-0.0915611,1.31231,3.97481e-08
12.8709,-0.0915611,1.31231,-3.80313e-09
12.8809,-0.0915611,1.31231,3.87909e-08
12.8909,-0.0915611,1.31231,-7.05829e-09
12.9009,-0.0915611,1.31231,2.22299e-08
12.9109,-0.0915611,1.31231,-2.5622e-08
12.9209,-0.0915611,1.31231,6.22701e-09
12.9309,-0.0915611,1.31231,-3.5981e-08
12.9409,-0.0915611,1.31231,1.52863e-08
12.9509,-0.0915611,1.31231,-3.27101e-08
12.9609,-0.0915611,1.31231,2.2533e-08
12.9709,-0.0915611,1.31231,-1.66229e-10
12.9809,-0.0915611,1.31231,3.74693e-08
12.9909,-0.0915611,1.31231,-1.17223e-08
13.0009,-0.0915611,1.31231,5.14964e-08
13.0109,-0.0915611,1.31231,-9.46199e-09
13.0209,-0.0915611,1.31231,1.07935e-08
13.0309,-0.0915611,1.31231,-2.29344e-08
13.0409,-0.0915611,1.31231,2.02868e-08
13.0509,-0.0915611,1.31231,-5.10792e-08
13.0609,-0.0915611,1.31231,9.90568e-09
13.0709,-0.0915611,1.31231,-1.2372e-08
13.0809,-0.0915611,1.31231,1.85206e-08
13.0909,-0.0915611,1.31231,-1.82151e-08
13.1009,-0.0915611,1.31231,5.46195e-08
13.1109,-0.0915611,1.31231,-1.86099e-09
13.1209,-0.0915611,1.31231,2.61311e-08
13.1309,-0.0915611,1.31231,-2.66539e-09
13.1409,-0.0915611,1.31231,2.71553e-08
13.1509,-0.0915611,1.31231,-3.81965e-08
13.1609,-0.0915611,1.31231,8.98695e-09
13.1709,-0.0915611,1.31231,-2.74771e-08
13.1809,-0.0915611,1.31231,2.78446e-09
13.1909,-0.0915611,1.31231,-2.33348e-08
13.2009,-0.0915611,1.31231,2.6533e-08
13.2109,-0.0915611,1.31231,-5.06595e-09
13.2209,-0.0915611,1.31231,3.64554e-08
13.2309,-0.0915611,1.31231,3.07226e-09
13.2409,-0.0915611,1.31231,3.10026e-08
13.2509,-0.0915611,1.31231,-1.48509e-09
13.2609,-0.0915611,1.31231,1.2821e-08
13.2709,-0.0915611,1.31231,-2.72558e-08
13.2809,-0.0915611,1.31231,6.51438e-09
13.2909,-0.0915611,1.31231,-2.46152e-08
13.3009,-0.0915611,1.31231,-9.17166e-09
13.3109,-0.0915611,1.31231,-8.86105e-09
13.3209,-0.0915611,1.31231,2.48994e-08
13.3309,-0.0915611,1.31231,-6.93154e-09
13.3409,-0.0915611,1.31231,2.64044e-08
13.3509,-0.0915611,1.31231,2.67357e-08
13.3609,-0.0915611,1.31231,1.46171e-08
13.3709,-0.0915611,1.31231,-7.01433e-09
13.3809,-0.0915611,1.31231,1.97113e-08
13.3909,-0.0915611,1.31231,-1.3894e-08
13.4009,-0.0915611,1.31231,-2.46095e-08
13.4109,-0.0915611,1.31231,-6.41215e-09
13.4209,-0.0915611,1.31231,-1.36628e-09
13.4309,-0.0915611,1.31231,-1.70406e-08
13.4409,-0.0915611,1.31231,9.81691e-09
13.4509,-0.0915611,1.31231,2.60104e-08
13.4609,-0.0915611,1.31231,9.40232e-09
13.4709,-0.0915611,1.31231,1.9127e-08
13.4809,-0.0915611,1.31231,2.08803e-08
13.4909,-0.0915611,1.31231,9.38691e-09
13.5009,-0.091561,1.31231,-1.12946e-08
13.5109,-0.0915091,1.31228,-1.04834e-09
13.5209,-0.091286,1.31214,-2.71404e-08
13.5309,-0.0907681,1.31181,-1.85765e-08
13.5409,-0.0899313,1.31129,-2.10939e-08
13.5509,-0.0888908,1.31064,9.16461e-09
13.5609,-0.0878082,1.30995,1.53437e-09
13.5709,-0.0867931,1.3093,2.8837e-08
13.5809,-0.0858727,1.30871,6.13524e-09
13.5909,-0.0850161,1.30815,3.50925e-08
13.6009,-0.0841777,1.3076,5.64904e-09
13.6109,-0.0833289,1.30704,1.18919e-08
13.6209,-0.0824648,1.30647,-1.53764e-08
13.6309,-0.0815936,1.30589,1.63091e-08
13.6409,-0.080727,1.3053,-3.75192e-08
13.6509,-0.0798724,1.30472,-3.08812e-09
13.6609,-0.0790309,1.30415,-1.04799e-08
13.6709,-0.0782002,1.30358,1.41241e-08
13.6809,-0.0773766,1.30301,-2.23462e-08
13.6909,-0.0765566,1.30244,4.75329e-08
13.7009,-0.075739,1.30186,7.71109e-09
13.7109,-0.0749241,1.30129,2.3304e-08
13.7209,-0.0741123,1.30071,-3.48866e-11
13.7309,-0.0733049,1.30013,4.01531e-08
13.7409,-0.0725023,1.29956,-3.56375e-08
13.7509,-0.0717044,1.29898,6.82222e-09
13.7609,-0.0709113,1.2984,-1.97452e-08
13.7709,-0.0701223,1.29782,4.32074e-09
13.7809,-0.0693369,1.29724,-3.92323e-08
13.7909,-0.0685555,1.29666,3.4314e-08
13.8008,-0.0677777,1.29608,-9.47497e-09
13.8108,-0.0670036,1.29549,2.99402e-08
13.8208,-0.0662338,1.29491,2.86257e-09
13.8308,-0.0654679,1.29433,4.81829e-08
13.8408,-0.064706,1.29374,-1.34413e-08
13.8508,-0.0639482,1.29316,2.92199e-08
13.8608,-0.0631941,1.29257,-2.27353e-08
13.8708,-0.0624436,1.29198,1.30231e-08
13.8808,-0.0616969,1.2914,-3.51592e-08
13.8908,-0.0609537,1.29081,8.60358e-09
13.9008,-0.0602143,1.29022,-2.77211e-08
13.9108,-0.0594786,1.28963,3.03378e-08
13.9208,-0.0587465,1.28904,-1.6025e-08
13.9308,-0.0580183,1.28845,3.74405e-08
13.9408,-0.0572937,1.28786,1.01659e-08
13.9508,-0.0565725,1.28727,3.94168e-08
13.9608,-0.0558549,1.28668,-1.64811e-08
13.9708,-0.0551408,1.28608,3.75018e-08
13.9808,-0.0544301,1.28549,-1.83749e-08
13.9908,-0.0537229,1.2849,-3.81838e-09
14.0008,-0.0530192,1.2843,-2.75203e-08
14.0108,-0.0523189,1.28371,2.15248e-08
14.0208,-0.0516222,1.28311,-3.66444e-08
14.0308,-0.0509287,1.28252,1.78928e-08
14.0408,-0.0502387,1.28192,1.20596e-08
14.0508,-0.049552,1.28132,3.07244e-08
14.0608,-0.0488685,1.28073,-6.13645e-09
14.0708,-0.0481884,1.28013,5.10948e-08
14.0808,-0.0475115,1.27953,1.69374e-09
14.0908,-0.0468379,1.27893,6.47699e-09
14.1008,-0.0461676,1.27833,-9.78517e-09
14.1108,-0.0455005,1.27773,1.23179e-08
14.1208,-0.0448366,1.27713,-3.50007e-08
14.1308,-0.0441759,1.27653,2.1449e-09
14.1408,-0.0435184,1.27593,-6.2483e-09
14.1508,-0.0428639,1.27532,1.21465e-08
14.1608,-0.0422126,1.27472,1.35858e-09
14.1708,-0.0415644,1.27412,3.36153e-08
14.1808,-0.0409193,1.27351,1.57772e-08
14.1908,-0.0402773,1.27291,2.72549e-08
14.2008,-0.0396382,1.27231,7.22973e-09
14.2108,-0.0390023,1.2717,1.14095e-08
14.2208,-0.0383694,1.2711,-3.91691e-09
14.2308,-0.0377394,1.27049,-6.55813e-09
14.2408,-0.0371125,1.26988,-1.95435e-08
14.2508,-0.0364885,1.26928,1.7121e-10
14.2608,-0.0358674,1.26867,-5.34816e-11
14.2708,-0.0352493,1.26806,-3.06036e-09
14.2808,-0.0346341,1.26745,1.9869e-08
14.2908,-0.0340218,1.26685,3.14729e-08
14.3008,-0.0334124,1.26624,1.41794e-08
14.3108,-0.0328059,1.26563,1.48031e-08
14.3208,-0.0322022,1.26502,3.41976e-08
14.3308,-0.0316014,1.26441,-5.71671e-09
14.3408,-0.0310033,1.2638,-9.20253e-09
14.3508,-0.0304081,1.26319,2.77662e-10
14.3608,-0.0298157,1.26258,-1.41821e-09
14.3708,-0.029226,1.26197,-3.12656e-08
14.3808,-0.0286391,1.26135,1.68834e-08
14.3908,-0.028055,1.26074,8.99192e-09
14.4008,-0.0274736,1.26013,1.35274e-08
14.4108,-0.0268949,1.25952,1.17275e-08
14.4208,-0.026319,1.2589,4.91593e-08
14.4308,-0.0257457,1.25829,1.94987e-09
14.4408,-0.0251751,1.25768,2.11367e-08
14.4508,-0.0246071,1.25706,1.53249e-09
14.4608,-0.0240419,1.25645,1.16711e-08
14.4708,-0.0234792,1.25583,-3.07718e-08
14.4808,-0.0229192,1.25522,1.02422e-08
14.4908,-0.0223619,1.2546,-1.99591e-08
14.5008,-0.0218071,1.25399,1.50396e-08
14.5108,-0.0212549,1.25337,-7.35828e-09
14.5208,-0.0207053,1.25275,3.67465e-08
14.5308,-0.0201582,1.25214,7.06595e-09
14.5408,-0.0196137,1.25152,4.5591e-08
14.5508,-0.0190718,1.2509,-3.12882e-09
14.5608,-0.0185323,1.25028,3.69816e-08
14.5708,-0.0179954,1.24967,-8.35265e-09
14.5808,-0.017461,1.24905,9.60746e-09
14.5908,-0.0169291,1.24843,-3.11326e-08
14.6008,-0.0163997,1.24781,2.48923e-08
14.6108,-0.0158728,1.24719,-3.28353e-08
14.6208,-0.0153482,1.24657,1.50652e-08
14.6308,-0.0148262,1.24595,3.03475e-09
14.6408,-0.0143066,1.24533,4.37076e-08
14.6508,-0.0137894,1.24471,-1.26462e-08
14.6608,-0.0132747,1.24409,5.7244e-08
14.6708,-0.0127623,1.24347,9.35174e-09
14.6808,-0.0122524,1.24285,2.19639e-08
14.6908,-0.0117449,1.24223,-1.77292e-08
14.7008,-0.0112397,1.2416,3.57159e-08
14.7108,-0.0107368,1.24098,-3.98148e-08
14.7208,-0.0102364,1.24036,6.32775e-09
14.7308,-0.00973825,1.23974,-1.19046e-08
14.7408,-0.00924248,1.23912,2.54826e-08
14.7508,-0.00874902,1.23849,-2.09697e-08
14.7608,-0.00825788,1.23787,5.18541e-08
14.7708,-0.00776905,1.23725,8.90556e-09
14.7808,-0.0072825,1.23662,3.90184e-08
14.7908,-0.00679827,1.236,2.42119e-09
14.8008,-0.0063163,1.23537,4.06622e-08
14.8108,-0.00583659,1.23475,-1.86956e-08
14.8208,-0.00535916,1.23412,1.67942e-08
14.8308,-0.00488397,1.2335,-2.5852e-08
14.8408,-0.00441102,1.23287,1.33238e-08
14.8508,-0.00394031,1.23225,-2.00686e-08
14.8608,-0.00347182,1.23162,2.07651e-08
14.8708,-0.00300555,1.231,-3.55216e-09
14.8808,-0.00254148,1.23037,4.65771e-08
14.8908,-0.00207961,1.22975,6.06322e-09
14.9008,-0.00161994,1.22912,3.73918e-08
14.9108,-0.00116244,1.22849,1.61242e-08
14.9208,-0.000707109,1.22787,3.03166e-08
14.9308,-0.000253962,1.22724,-2.13817e-08
14.9408,0.000197045,1.22661,1.89229e-08
14.9508,0.000645901,1.22598,-1.0442e-08
14.9608,0.00109261,1.22536,-8.10758e-09
14.9708,0.00153719,1.22473,-1.25338e-08
14.9808,0.00197964,1.2241,3.37789e-08
14.9908,0.00241998,1.22347,-4.3768e-09
15.0007,0.00285822,1.22284,2.4483e-08
15.0107,0.00329434,1.22222,3.60522e-08
15.0207,0.00372838,1.22159,3.29694e-08
15.0307,0.00416033,1.22096,1.17498e-09
15.0407,0.00459019,1.22033,3.15997e-08
15.0507,0.00501799,1.2197,5.96705e-09
15.0607,0.00544373,1.21907,-1.11968e-08
15.0707,0.00586741,1.21844,-6.44978e-09
15.0807,0.00628904,1.21781,7.46258e-09
15.0907,0.00670862,1.21718,-9.23205e-09
15.1007,0.00712617,1.21655,6.58554e-09
15.1107,0.0075417,1.21592,2.53007e-08
15.1207,0.00795519,1.21529,2.31251e-08
15.1307,0.00836669,1.21466,2.63318e-08
15.1407,0.00877617,1.21403,2.79582e-08
15.1507,0.00918365,1.2134,2.68539e-08
15.1607,0.00958914,1.21277,9.72233e-09
15.1707,0.00999263,1.21214,9.1862e-09
15.1807,0.0103942,1.2115,-9.42345e-09
15.1907,0.0107937,1.21087,5.69986e-09
15.2007,0.0111913,1.21024,-1.08588e-08
15.2107,0.0115869,1.20961,2.5845e-09
15.2207,0.0119806,1.20898,6.55863e-09
15.2307,0.0123723,1.20835,3.57008e-08
15.2407,0.0127621,1.20771,4.39761e-09
15.2507,0.0131499,1.20708,4.17366e-08
15.2607,0.0135358,1.20645,2.94016e-08
15.2707,0.0139198,1.20582,2.54177e-08
15.2807,0.0143019,1.20518,-6.92375e-09
15.2907,0.014682,1.20455,3.52944e-08
15.3007,0.0150603,1.20392,-1.9238e-08
15.3107,0.0154366,1.20328,-3.40551e-09
15.3207,0.0158111,1.20265,-6.72231e-09
15.3307,0.0161837,1.20202,2.65248e-08
15.3407,0.0165544,1.20138,-2.12527e-08
15.3507,0.0169232,1.20075,4.25479e-08
15.3607,0.0172901,1.20012,2.21281e-08
15.3707,0.0176552,1.19948,3.81314e-08
15.3807,0.0180184,1.19885,4.68654e-09
15.3907,0.0183798,1.19821,5.54529e-08
15.4007,0.0187393,1.19758,-9.98967e-09
15.4107,0.019097,1.19695,1.7218e-08
15.4207,0.0194529,1.19631,-1.41264e-08
15.4307,0.0198069,1.19568,1.93676e-08
15.4407,0.0201591,1.19504,-2.99112e-08
15.4507,0.0205094,1.19441,2.89043e-08
15.4607,0.020858,1.19377,-6.09892e-09
15.4707,0.0212048,1.19314,4.32002e-08
15.4807,0.0215497,1.1925,6.33313e-09
15.4907,0.0218928,1.19187,5.23552e-08
15.5007,0.0222342,1.19123,8.54468e-09
15.5107,0.0225737,1.1906,4.81399e-08
15.5207,0.0229115,1.18996,-1.53717e-08
15.5307,0.0232475,1.18933,2.9127e-08
15.5407,0.0235817,1.18869,-1.54541e-08
15.5507,0.0239142,1.18805,1.23274e-08
15.5607,0.0242449,1.18742,-2.8286e-08
15.5707,0.0245738,1.18678,4.133e-08
15.5807,0.024901,1.18615,-9.86816e-09
15.5907,0.0252264,1.18551,3.37827e-08
15.6007,0.0255501,1.18487,1.91657e-08
15.6107,0.025872,1.18424,6.0073e-08
15.6207,0.0261922,1.1836,-8.20805e-09
15.6307,0.0265107,1.18297,4.81052e-08
15.6407,0.0268274,1.18233,6.79059e-09
15.6507,0.0271424,1.18169,1.25119e-08
15.6607,0.0274558,1.18106,-2.5801e-08
15.6707,0.0277673,1.18042,3.38018e-08
15.6807,0.0280772,1.17978,-2.43446e-08
15.6907,0.0283854,1.17915,1.52068e-08
15.7007,0.0286919,1.17851,1.08305e-08
15.7107,0.0289967,1.17787,4.53766e-08
15.7207,0.0292998,1.17723,2.1502e-09
15.7307,0.0296012,1.1766,5.45999e-08
15.7407,0.0299009,1.17596,1.98262e-08
15.7507,0.0301989,1.17532,3.10397e-08
15.7607,0.0304953,1.17469,-1.75183e-09
15.7707,0.03079,1.17405,2.42152e-08
15.7807,0.031083,1.17341,-1.50055e-08
15.7907,0.0313744,1.17277,9.72268e-09
15.8007,0.0316641,1.17214,-1.00536e-08
15.8107,0.0319522,1.1715,2.1437e-08
15.8207,0.0322386,1.17086,1.00766e-08
15.8307,0.0325233,1.17022,3.31535e-08
15.8407,0.0328065,1.16958,2.10334e-08
15.8507,0.0330879,1.16895,4.88111e-08
15.8607,0.0333678,1.16831,2.07938e-08
15.8707,0.033646,1.16767,2.04774e-08
15.8807,0.0339226,1.16703,1.65036e-08
15.8907,0.0341976,1.16639,1.51708e-08
15.9007,0.0344709,1.16576,-1.75631e-08
15.9107,0.0347427,1.16512,6.73143e-09
15.9207,0.0350128,1.16448,1.35713e-08
15.9307,0.0352813,1.16384,-1.05398e-09
15.9407,0.0355482,1.1632,1.49663e-08
15.9507,0.0358135,1.16257,4.46907e-08
15.9607,0.0360772,1.16193,2.757e-08
15.9707,0.0363394,1.16129,1.99543e-08
15.9807,0.0365999,1.16065,4.74357e-08
15.9907,0.0368589,1.16001,2.12514e-08
16.0007,0.0371162,1.15937,3.11999e-09
16.0107,0.037372,1.15873,7.29975e-09
16.0207,0.0376262,1.1581,1.60781e-08
16.0307,0.0378788,1.15746,-1.84088e-08
16.0407,0.0381299,1.15682,1.13223e-08
16.0507,0.0383794,1.15618,1.41558e-08
16.0607,0.0386274,1.15554,2.58063e-08
16.0707,0.0388737,1.1549,1.3997e-08
16.0807,0.0391186,1.15426,5.18475e-08
16.0907,0.0393618,1.15363,2.30999e-08
16.1007,0.0396036,1.15299,3.88227e-08
16.1107,0.0398437,1.15235,1.0764e-08
16.1207,0.0400824,1.15171,2.7934e-08
16.1307,0.0403195,1.15107,-7.82727e-09
16.1407,0.040555,1.15043,1.5755e-08
16.1507,0.0407891,1.14979,-1.83532e-08
16.1607,0.0410216,1.14915,2.70249e-08
16.1707,0.0412525,1.14851,-5.12402e-10
16.1807,0.041482,1.14787,3.13767e-08
16.1907,0.0417099,1.14724,1.62332e-08
16.2006,0.0419363,1.1466,6.30404e-08
16.2106,0.0421612,1.14596,5.10487e-09
16.2206,0.0423846,1.14532,4.70573e-08
16.2306,0.0426065,1.14468,1.68202e-08
16.2406,0.0428268,1.14404,2.72921e-08
16.2506,0.0430457,1.1434,-2.59863e-08
16.2606,0.043263,1.14276,3.70715e-08
16.2706,0.0434789,1.14212,-1.69997e-08
16.2806,0.0436933,1.14148,1.29511e-08
16.2906,0.0439062,1.14084,1.48891e-09
16.3006,0.0441175,1.1402,5.75132e-08
16.3106,0.0443275,1.13957,-5.04298e-09
16.3206,0.0445359,1.13893,5.77868e-08
16.3306,0.0447428,1.13829,2.74719e-08
16.3406,0.0449483,1.13765,4.49772e-08
16.3506,0.0451523,1.13701,-8.30929e-09
16.3606,0.0453548,1.13637,4.83288e-08
16.3706,0.0455558,1.13573,-1.76435e-08
16.3806,0.0457554,1.13509,1.60005e-08
16.3906,0.0459535,1.13445,-1.37444e-08
16.4006,0.0461502,1.13381,3.44911e-08
16.4106,0.0463453,1.13317,-1.07986e-08
16.4206,0.0465391,1.13253,4.89648e-08
16.4306,0.0467314,1.13189,1.30061e-08
16.4406,0.0469222,1.13126,5.91109e-08
16.4506,0.0471116,1.13062,1.42488e-08
16.4606,0.0472995,1.12998,4.90929e-08
16.4706,0.047486,1.12934,3.23955e-09
16.4806,0.047671,1.1287,3.82686e-08
16.4906,0.0478546,1.12806,-2.0615e-08
16.5006,0.0480368,1.12742,2.14957e-08
16.5106,0.0482175,1.12678,-5.61505e-09
16.5206,0.0483968,1.12614,2.41285e-08
16.5306,0.0485747,1.1255,-8.62243e-09
16.5406,0.0487511,1.12486,5.74296e-08
16.5506,0.0489261,1.12422,1.89351e-08
16.5606,0.0490997,1.12358,4.01633e-08
16.5706,0.0492719,1.12294,2.7983e-08
16.5806,0.0494427,1.12231,5.69747e-08
16.5906,0.049612,1.12167,-8.65062e-09
16.6006,0.0497799,1.12103,2.74194e-08
16.6106,0.0499464,1.12039,8.73774e-09
16.6206,0.0501115,1.11975,6.34701e-09
16.6306,0.0502752,1.11911,-1.58866e-08
16.6406,0.0504375,1.11847,3.84868e-08
16.6506,0.0505984,1.11783,7.46074e-09
16.6606,0.0507579,1.11719,2.64226e-08
16.6706,0.0509159,1.11655,3.56052e-08
16.6806,0.0510726,1.11591,5.2668e-08
16.6906,0.0512279,1.11527,1.82793e-08
16.7006,0.0513818,1.11464,3.92676e-08
16.7106,0.0515343,1.114,2.31391e-08
16.7206,0.0516854,1.11336,1.37082e-08
16.7306,0.0518352,1.11272,-3.45003e-10
16.7406,0.0519835,1.11208,1.18733e-08
16.7506,0.0521305,1.11144,3.54748e-09
16.7606,0.052276,1.1108,1.35084e-08
16.7706,0.0524202,1.11016,1.97738e-08
16.7806,0.0525631,1.10952,3.06525e-08
16.7906,0.0527045,1.10889,4.12816e-08
16.8006,0.0528446,1.10825,3.53998e-08
16.8106,0.0529833,1.10761,3.45366e-08
16.8206,0.0531206,1.10697,3.51242e-08
16.8306,0.0532566,1.10633,2.70809e-08
16.8406,0.0533912,1.10569,-2.76575e-09
16.8506,0.0535244,1.10505,1.95439e-08
16.8606,0.0536563,1.10441,6.75083e-09
16.8706,0.0537868,1.10377,1.05712e-09
16.8806,0.053916,1.10314,6.44261e-09
16.8906,0.0540437,1.1025,4.69955e-08
16.9006,0.0541702,1.10186,1.16129e-08
16.9106,0.0542953,1.10122,4.02624e-08
16.9206,0.054419,1.10058,4.49011e-08
16.9306,0.0545414,1.09994,4.72699e-08
16.9406,0.0546624,1.0993,3.33907e-09
16.9506,0.0547821,1.09867,4.63832e-08
16.9606,0.0549004,1.09803,5.93981e-09
16.9706,0.0550174,1.09739,7.44842e-09
16.9806,0.0551331,1.09675,-7.12365e-09
16.9906,0.0552474,1.09611,3.64588e-08
17.0006,0.0553604,1.09547,-1.04037e-08
17.0106,0.055472,1.09484,3.76613e-08
17.0206,0.0555823,1.0942,2.57674e-08
17.0306,0.0556913,1.09356,5.48824e-08
17.0406,0.0557989,1.09292,1.57649e-08
17.0506,0.0559052,1.09228,6.18519e-08
17.0606,0.0560102,1.09165,1.18634e-08
17.0706,0.0561138,1.09101,3.91791e-08
17.0806,0.0562161,1.09037,-7.03795e-09
17.0906,0.0563171,1.08973,2.81073e-08
17.1006,0.0564168,1.08909,-1.23978e-08
17.1106,0.0565151,1.08846,3.15926e-08
17.1206,0.0566122,1.08782,-1.02426e-08
17.1306,0.0567079,1.08718,5.27436e-08
17.1406,0.0568022,1.08654,1.71742e-08
17.1506,0.0568953,1.0859,5.29999e-08
17.1606,0.0569871,1.08527,1.95256e-08
17.1706,0.0570775,1.08463,7.16051e-08
17.1806,0.0571666,1.08399,-1.05743e-09
17.1906,0.0572544,1.08335,3.75119e-08
17.2006,0.0573409,1.08272,4.73973e-09
17.2106,0.0574261,1.08208,2.88672e-08
17.2206,0.05751,1.08144,-2.97198e-08
17.2306,0.0575925,1.0808,4.53992e-08
17.2406,0.0576738,1.08017,3.19928e-09
17.2506,0.0577538,1.07953,3.36447e-08
17.2606,0.0578324,1.07889,1.73542e-08
17.2706,0.0579098,1.07825,7.72018e-08
17.2806,0.0579858,1.07762,7.34963e-09
17.2906,0.0580606,1.07698,5.4496e-08
17.3006,0.0581341,1.07634,2.37939e-08
17.3106,0.0582062,1.07571,3.74902e-08
17.3206,0.0582771,1.07507,-1.6968e-08
17.3306,0.0583466,1.07443,3.84495e-08
17.3406,0.0584149,1.07379,-9.66974e-09
17.3506,0.0584819,1.07316,2.32272e-08
17.3606,0.0585476,1.07252,4.23816e-09
17.3706,0.058612,1.07188,5.17101e-08
17.3806,0.0586751,1.07125,1.60384e-08
17.3906,0.0587369,1.07061,5.85186e-08
17.4005,0.0587974,1.06997,2.669e-08
17.4105,0.0588567,1.06934,5.51116e-08
17.4205,0.0589146,1.0687,1.53413e-08
17.4305,0.0589713,1.06806,3.24556e-08
17.4405,0.0590267,1.06743,-1.06514e-11
17.4505,0.0590808,1.06679,2.82831e-08
17.4605,0.0591336,1.06615,-9.23418e-09
17.4705,0.0591851,1.06552,2.11844e-08
17.4805,0.0592354,1.06488,2.07679e-08
17.4905,0.0592843,1.06425,3.96322e-08
17.5005,0.059332,1.06361,1.7035e-08
17.5105,0.0593785,1.06297,6.23444e-08
17.5205,0.0594236,1.06234,4.0718e-08
17.5305,0.0594675,1.0617,2.96711e-08
17.5405,0.0595101,1.06106,2.77636e-08
17.5505,0.0595514,1.06043,4.06455e-08
17.5605,0.0595914,1.05979,-5.18221e-09
17.5705,0.0596302,1.05916,8.76364e-09
17.5805,0.0596677,1.05852,2.32e-08
17.5905,0.0597039,1.05789,1.12059e-08
17.6005,0.0597389,1.05725,9.80547e-09
17.6105,0.0597725,1.05661,4.58385e-08
17.6205,0.0598049,1.05598,4.27377e-08
17.6305,0.0598361,1.05534,2.96424e-08
17.6405,0.059866,1.05471,5.04386e-08
17.6505,0.0598946,1.05407,4.3439e-08
17.6605,0.0599219,1.05344,2.45232e-08
17.6705,0.059948,1.0528,1.51307e-08
17.6805,0.0599728,1.05217,2.64541e-08
17.6905,0.0599963,1.05153,7.74686e-10
17.7005,0.0600186,1.0509,1.44813e-08
17.7105,0.0600396,1.05026,1.14341e-08
17.7205,0.0600594,1.04963,3.34244e-08
17.7305,0.0600779,1.04899,2.43021e-08
17.7405,0.0600951,1.04836,4.98458e-08
17.7505,0.0601111,1.04772,3.20695e-08
17.7605,0.0601258,1.04709,6.03779e-08
17.7705,0.0601392,1.04645,2.45364e-08
17.7805,0.0601514,1.04582,3.55477e-08
17.7905,0.0601623,1.04518,1.45371e-08
17.8005,0.060172,1.04455,3.22e-08
17.8105,0.0601804,1.04391,-1.69968e-08
17.8205,0.0601876,1.04328,3.1691e-08
17.8305,0.0601935,1.04264,1.24228e-08
17.8405,0.0601981,1.04201,3.06992e-08
17.8505,0.0602015,1.04138,1.37072e-08
17.8605,0.0602036,1.04074,7.59533e-08
17.8705,0.0602045,1.04011,2.05373e-08
17.8805,0.0602041,1.03947,5.08285e-08
17.8905,0.0602024,1.03884,3.27484e-08
17.9005,0.0601995,1.0382,5.26297e-08
17.9105,0.0601954,1.03757,-1.5601e-08
17.9205,0.0601899,1.03694,4.18381e-08
17.9305,0.0601833,1.0363,5.74304e-10
17.9405,0.0601753,1.03567,2.07976e-08
17.9505,0.0601662,1.03504,-4.05828e-09
17.9605,0.0601557,1.0344,6.21959e-08
17.9705,0.0601441,1.03377,7.62588e-09
17.9805,0.0601311,1.03313,5.9343e-08
17.9905,0.0601169,1.0325,3.24512e-08
18.0005,0.0601015,1.03187,6.64646e-08
18.0105,0.0600848,1.03123,9.56676e-09
18.0205,0.0600669,1.0306,5.51551e-08
18.0305,0.0600477,1.02997,-7.11616e-10
18.0405,0.0600272,1.02933,3.59424e-08
18.0505,0.0600055,1.0287,-1.17732e-08
18.0605,0.0599825,1.02807,3.50667e-08
18.0705,0.0599583,1.02744,7.89533e-10
18.0805,0.0599329,1.0268,5.28718e-08
18.0905,0.0599062,1.02617,8.90041e-09
18.1005,0.0598782,1.02554,6.95425e-08
18.1105,0.059849,1.0249,3.18227e-08
18.1205,0.0598185,1.02427,5.73279e-08
18.1305,0.0597868,1.02364,1.37754e-08
18.1405,0.0597538,1.02301,6.29368e-08
18.1505,0.0597196,1.02237,-5.62967e-09
18.1605,0.0596841,1.02174,2.39551e-08
18.1705,0.0596474,1.02111,5.66144e-09
18.1805,0.0596094,1.02048,3.72765e-08
18.1905,0.0595702,1.01984,-1.37929e-08
18.2005,0.0595297,1.01921,5.73427e-08
18.2105,0.059488,1.01858,3.23788e-08
18.2205,0.059445,1.01795,4.73377e-08
18.2305,0.0594007,1.01732,2.96627e-08
18.2405,0.0593553,1.01668,7.64896e-08
18.2505,0.0593085,1.01605,1.27627e-08
18.2605,0.0592605,1.01542,3.60339e-08
18.2705,0.0592113,1.01479,1.91516e-08
18.2805,0.0591608,1.01416,2.75827e-08
18.2905,0.059109,1.01352,-1.07741e-08
18.3005,0.059056,1.01289,3.51988e-08
18.3105,0.0590017,1.01226,1.58299e-08
18.3205,0.0589462,1.01163,3.56906e-08
18.3305,0.0588894,1.011,3.07869e-08
18.3405,0.0588314,1.01037,6.0366e-08
18.3505,0.0587721,1.00973,3.73162e-08
18.3605,0.0587115,1.0091,5.12748e-08
18.3705,0.0586497,1.00847,3.09077e-08
18.3805,0.0585867,1.00784,3.59831e-08
18.3905,0.0585224,1.00721,1.70961e-08
18.4005,0.0584568,1.00658,1.55365e-08
18.4105,0.0583899,1.00595,8.5516e-09
18.4205,0.0583219,1.00532,2.77107e-08
18.4305,0.0582525,1.00469,1.86601e-08
18.4405,0.0581819,1.00406,2.6876e-08
18.4505,0.05811,1.00342,5.22606e-08
18.4605,0.0580369,1.00279,4.85798e-08
18.4705,0.0579625,1.00216,3.60244e-08
18.4805,0.0578868,1.00153,5.04613e-08
18.4905,0.0578099,1.0009,5.05556e-08
18.5005,0.0577317,1.00027,9.42176e-09
18.5105,0.0576523,0.999641,2.51939e-08
18.5205,0.0575716,0.99901,2.51307e-08
18.5305,0.0574896,0.99838,1.07647e-08
18.5405,0.0574064,0.99775,2.10933e-09
18.5505,0.0573219,0.99712,4.94764e-08
18.5605,0.0572361,0.996489,2.48389e-08
18.5705,0.0571491,0.995859,3.89839e-08
18.5805,0.0570608,0.995229,4.74581e-08
18.5905,0.0569712,0.994599,6.69909e-08
18.6004,0.0568804,0.993969,2.02572e-08
18.6104,0.0567882,0.993339,5.18725e-08
18.6204,0.0566949,0.99271,2.46621e-08
18.6304,0.0566002,0.99208,2.74148e-08
18.6404,0.0565043,0.99145,-2.55401e-09
18.6504,0.0564071,0.99082,3.74401e-08
18.6604,0.0563086,0.990191,2.0569e-09
18.6704,0.0562088,0.989561,4.09829e-08
18.6804,0.0561078,0.988932,2.06401e-08
18.6904,0.0560055,0.988302,6.23148e-08
18.7004,0.0559019,0.987673,3.25325e-08
18.7104,0.055797,0.987044,6.65644e-08
18.7204,0.0556909,0.986414,2.23461e-08
18.7304,0.0555835,0.985785,6.30512e-08
18.7404,0.0554747,0.985156,8.52933e-09
18.7504,0.0553648,0.984527,3.19303e-08
18.7604,0.0552535,0.983898,1.06995e-09
18.7704,0.0551409,0.983269,4.41496e-08
18.7804,0.0550271,0.98264,-1.28939e-08
18.7904,0.0549119,0.982011,5.08301e-08
18.8004,0.0547955,0.981382,2.91662e-08
18.8104,0.0546778,0.980753,5.85857e-08
18.8204,0.0545588,0.980124,1.91451e-08
18.8304,0.0544384,0.979495,8.79146e-08
18.8404,0.0543168,0.978867,2.09139e-08
18.8504,0.054194,0.978238,4.46702e-08
18.8604,0.0540698,0.97761,1.65374e-08
18.8704,0.0539443,0.976981,5.09855e-08
18.8804,0.0538175,0.976353,-2.26521e-08
18.8904,0.0536894,0.975724,4.28468e-08
18.9004,0.05356,0.975096,1.21772e-08
18.9104,0.0534293,0.974467,4.17043e-08
18.9204,0.0532973,0.973839,1.22531e-08
18.9304,0.053164,0.973211,8.12025e-08
18.9404,0.0530294,0.972583,2.51843e-08
18.9504,0.0528935,0.971955,6.46411e-08
18.9604,0.0527563,0.971326,2.99267e-08
18.9704,0.0526177,0.970698,5.98467e-08
18.9804,0.0524778,0.97007,2.06108e-09
18.9904,0.0523367,0.969442,4.19898e-08
19.0004,0.0521942,0.968815,-1.78306e-09
19.0104,0.0520504,0.968187,3.78254e-08
19.0204,0.0519052,0.967559,3.15237e-09
19.0304,0.0517588,0.966931,4.78805e-08
19.0404,0.051611,0.966303,2.51215e-08
19.0504,0.0514619,0.965676,6.8959e-08
19.0604,0.0513115,0.965048,2.7226e-08
19.0704,0.0511597,0.96442,6.75413e-08
19.0804,0.0510066,0.963793,3.81353e-08
19.0904,0.0508522,0.963165,4.50567e-08
19.1004,0.0506965,0.962538,6.04596e-09
19.1104,0.0505394,0.96191,4.81417e-08
19.1204,0.050381,0.961283,2.13117e-09
19.1304,0.0502212,0.960655,1.76132e-08
19.1404,0.0500601,0.960028,2.37822e-08
19.1504,0.0498976,0.959401,5.14776e-08
19.1604,0.0497338,0.958773,1.45643e-08
19.1704,0.0495687,0.958146,6.30311e-08
19.1804,0.0494022,0.957519,5.71214e-08
19.1904,0.0492343,0.956892,4.59261e-08
19.2004,0.0490651,0.956265,3.23983e-08
19.2104,0.0488946,0.955637,5.83707e-08
19.2204,0.0487226,0.95501,1.67329e-08
19.2304,0.0485493,0.954383,1.4938e-08
19.2404,0.0483747,0.953756,2.43332e-08
19.2504,0.0481987,0.953129,2.60158e-08
19.2604,0.0480213,0.952502,1.25986e-08
19.2704,0.0478426,0.951875,3.96386e-08
19.2804,0.0476624,0.951249,4.89276e-08
19.2904,0.0474809,0.950622,4.405e-08
19.3004,0.0472981,0.949995,5.2619e-08
19.3104,0.0471138,0.949368,5.31575e-08
19.3204,0.0469282,0.948741,4.64805e-08
19.3304,0.0467411,0.948115,3.18512e-08
19.3404,0.0465527,0.947488,3.07922e-08
19.3504,0.0463629,0.946861,1.57883e-08
19.3604,0.0461717,0.946234,2.84681e-08
19.3704,0.0459791,0.945608,9.9073e-09
19.3804,0.0457851,0.944981,3.09154e-08
19.3904,0.0455898,0.944355,3.6367e-08
19.4004,0.045393,0.943728,5.23332e-08
19.4104,0.0451948,0.943101,3.07848e-08
19.4204,0.0449952,0.942475,7.38975e-08
19.4304,0.0447941,0.941848,4.4755e-08
19.4404,0.0445917,0.941222,4.24493e-08
19.4504,0.0443878,0.940595,2.70193e-08
19.4604,0.0441826,0.939969,5.3716e-08
19.4704,0.0439759,0.939342,-6.25687e-09
19.4804,0.0437677,0.938716,2.91945e-08
19.4904,0.0435582,0.93809,2.22718e-08
19.5004,0.0433472,0.937463,3.91621e-08
19.5104,0.0431348,0.936837,7.78752e-09
19.5204,0.0429209,0.93621,7.69593e-08
19.5304,0.0427056,0.935584,3.7749e-08
19.5404,0.0424888,0.934958,5.75963e-08
19.5504,0.0422706,0.934331,3.83289e-08
19.5604,0.0420509,0.933705,7.36381e-08
19.5704,0.0418298,0.933079,4.40806e-09
19.5804,0.0416072,0.932452,4.61894e-08
19.5904,0.0413832,0.931826,1.0283e-08
19.6004,0.0411577,0.9312,3.6013e-08
19.6104,0.0409307,0.930573,-2.91832e-09
19.6204,0.0407023,0.929947,5.65275e-08
19.6304,0.0404723,0.929321,1.68542e-08
19.6404,0.0402409,0.928694,6.75328e-08
19.6504,0.040008,0.928068,3.06696e-08
19.6604,0.0397736,0.927442,7.68557e-08
19.6704,0.0395377,0.926816,3.16866e-08
19.6804,0.0393003,0.926189,6.57437e-08
19.6904,0.0390615,0.925563,7.66957e-09
19.7004,0.0388211,0.924937,5.56968e-08
19.7104,0.0385792,0.92431,1.39156e-09
19.7204,0.0383358,0.923684,3.33406e-08
19.7304,0.0380908,0.923058,4.32988e-09
19.7404,0.0378444,0.922431,6.36272e-08
19.7504,0.0375964,0.921805,6.97689e-09
19.7604,0.0373469,0.921179,6.68378e-08
19.7704,0.0370959,0.920552,4.67012e-08
19.7804,0.0368433,0.919926,7.15732e-08
19.7904,0.0365892,0.919299,1.71918e-08
19.8003,0.0363335,0.918673,7.99209e-08
19.8103,0.0360763,0.918047,1.72957e-08
19.8203,0.0358175,0.91742,3.09696e-08
19.8303,0.0355571,0.916794,9.13149e-09
19.8403,0.0352952,0.916167,5.22243e-08
19.8503,0.0350317,0.915541,-9.29051e-09
19.8603,0.0347666,0.914914,5.07244e-08
19.8703,0.0345,0.914288,3.66213e-08
19.8803,0.0342318,0.913661,6.04775e-08
19.8903,0.0339619,0.913034,3.00966e-08
19.9003,0.0336905,0.912408,8.2911e-08
19.9103,0.0334175,0.911781,3.48998e-08
19.9203,0.0331429,0.911154,5.20349e-08
19.9303,0.0328666,0.910528,2.36229e-08
19.9403,0.0325888,0.909901,4.48174e-08
19.9503,0.0323093,0.909274,4.36244e-09
19.9603,0.0320282,0.908647,3.46553e-08
19.9703,0.0317454,0.90802,1.48072e-08
19.9803,0.031461,0.907393,4.65535e-08
19.9903,0.031175,0.906767,3.22702e-08
20.0003,0.0308873,0.90614,5.76417e-08
20.0103,0.0305979,0.905512,4.78802e-08
20.0203,0.0303069,0.904885,7.02193e-08
20.0303,0.0300142,0.904258,3.66751e-08
20.0403,0.0297199,0.903631,4.80489e-08
20.0503,0.0294238,0.903004,3.96332e-08
20.0603,0.0291261,0.902377,2.75645e-08
20.0703,0.0288267,0.901749,7.63965e-09
20.0803,0.0285256,0.901122,3.92573e-08
20.0903,0.0282227,0.900494,2.66789e-08
20.1003,0.0279182,0.899867,2.17493e-08
20.1103,0.0276119,0.899239,5.14108e-08
20.1203,0.0273039,0.898612,6.33104e-08
20.1303,0.0269942,0.897984,4.16195e-08
20.1403,0.0266827,0.897356,5.42658e-08
20.1503,0.0263695,0.896728,6.92042e-08
20.1603,0.0260545,0.8961,3.12943e-08
20.1703,0.0257378,0.895472,2.93037e-08
20.1803,0.0254192,0.894844,3.62516e-08
20.1903,0.0250989,0.894216,2.81341e-08
20.2003,0.0247769,0.893588,4.47494e-09
20.2103,0.024453,0.89296,4.35729e-08
20.2203,0.0241273,0.892331,3.4757e-08
20.2303,0.0237998,0.891703,4.46416e-08
20.2403,0.0234706,0.891074,4.47584e-08
20.2503,0.0231394,0.890446,7.45706e-08
20.2603,0.0228065,0.889817,4.11017e-08
20.2703,0.0224717,0.889188,6.14725e-08
20.2803,0.022135,0.888559,3.33551e-08
20.2903,0.0217965,0.88793,4.74185e-08
20.3003,0.0214562,0.887301,1.34475e-08
20.3103,0.0211139,0.886672,3.58547e-08
20.3203,0.0207698,0.886043,8.09549e-09
20.3303,0.0204238,0.885413,5.15054e-08
20.3403,0.0200759,0.884784,1.82814e-08
20.3503,0.019726,0.884154,5.83373e-08
20.3603,0.0193743,0.883525,4.58839e-08
20.3703,0.0190206,0.882895,7.73856e-08
20.3803,0.018665,0.882265,2.62916e-08
20.3903,0.0183074,0.881635,7.75963e-08
20.4003,0.0179479,0.881004,3.21131e-08
20.4103,0.0175864,0.880374,4.04916e-08
20.4203,0.0172229,0.879744,6.01228e-09
20.4303,0.0168575,0.879113,5.97538e-08
20.4403,0.01649,0.878482,-5.35436e-09
20.4503,0.0161205,0.877852,4.29963e-08
20.4603,0.0157491,0.877221,3.37352e-08
20.4703,0.0153755,0.876589,6.9864e-08
20.4803,0.015,0.875958,1.81358e-08
20.4903,0.0146224,0.875327,9.1851e-08
20.5003,0.0142427,0.874695,4.20678e-08
20.5103,0.0138609,0.874063,5.94501e-08
20.5203,0.0134771,0.873431,2.24732e-08
20.5303,0.0130911,0.872799,6.78107e-08
20.5403,0.0127031,0.872167,-4.43474e-09
20.5503,0.0123129,0.871535,4.35075e-08
20.5603,0.0119206,0.870902,1.20448e-08
20.5703,0.0115261,0.87027,5.31743e-08
20.5803,0.0111295,0.869637,1.37609e-08
20.5903,0.0107307,0.869004,7.55444e-08
20.6003,0.0103298,0.86837,3.55551e-08
20.6103,0.00992657,0.867737,8.06195e-08
20.6203,0.00952118,0.867103,3.45297e-08
20.6303,0.00911356,0.866469,7.18626e-08
20.6403,0.0087037,0.865835,2.47661e-08
20.6503,0.00829159,0.865201,5.4843e-08
20.6603,0.00787721,0.864567,4.02521e-10
20.6703,0.00746054,0.863932,4.9597e-08
20.6803,0.00704158,0.863297,1.31604e-08
20.6903,0.0066203,0.862662,4.31815e-08
20.7003,0.0061967,0.862027,2.32451e-08
20.7103,0.00577075,0.861392,8.22904e-08
20.7203,0.00534244,0.860756,3.13962e-08
20.7303,0.00491176,0.86012,6.90238e-08
20.7403,0.00447868,0.859484,5.60873e-08
20.7503,0.0040432,0.858847,6.59439e-08
20.7603,0.00360529,0.858211,1.14755e-08
20.7703,0.00316495,0.857574,6.04826e-08
20.7803,0.00272214,0.856937,2.07118e-08
20.7903,0.00227686,0.856299,2.26711e-08
20.8003,0.00182908,0.855661,1.88755e-08
20.8103,0.0013788,0.855023,6.0705e-08
20.8203,0.000925976,0.854385,2.09657e-08
20.8303,0.000470609,0.853747,5.84024e-08
20.8403,1.26762e-05,0.853108,6.21068e-08
20.8503,-0.000447845,0.852469,6.64261e-08
20.8603,-0.000910976,0.851829,4.01596e-08
20.8703,-0.00137673,0.85119,6.66753e-08
20.8803,-0.00184513,0.85055,3.82408e-08
20.8903,-0.0023162,0.84991,3.19535e-08
20.9003,-0.00278996,0.849269,2.46367e-08
20.9103,-0.00326643,0.848628,3.44584e-08
20.9203,-0.00374563,0.847987,2.33741e-08
20.9303,-0.00422759,0.847345,3.84412e-08
20.9403,-0.00471232,0.846703,4.38611e-08
20.9503,-0.00519985,0.846061,5.59723e-08
20.9603,-0.00569021,0.845419,6.19219e-08
20.9703,-0.00618341,0.844776,5.55539e-08
20.9803,-0.00667949,0.844132,5.9695e-08
20.9903,-0.00717845,0.843489,5.62106e-08
21.0002,-0.00768031,0.842845,3.94259e-08
21.0102,-0.00815877,0.842236,5.47419e-08
21.0202,-0.00855926,0.841731,1.27399e-07
21.0302,-0.00881535,0.841407,1.20263e-07
21.0402,-0.00890702,0.841289,8.64909e-08
21.0502,-0.00890705,0.841283,2.00767e-08
21.0602,-0.00890299,0.841287,1.5026e-08
21.0702,-0.0089746,0.841197,-1.9666e-09
21.0802,-0.009094,0.841049,8.37786e-08
21.0902,-0.00919693,0.840922,1.13236e-07
21.1002,-0.00922447,0.840888,1.11245e-07
21.1102,-0.00918492,0.840934,4.22092e-08
21.1202,-0.0091337,0.840996,3.39066e-08
21.1302,-0.00911804,0.841016,-1.73668e-08
21.1402,-0.00914718,0.840981,2.76989e-08
21.1502,-0.00919031,0.840928,3.87663e-08
21.1602,-0.00921308,0.8409,7.05806e-08
21.1702,-0.00921106,0.840901,1.87645e-08
21.1802,-0.00919284,0.840924,6.34584e-08
21.1902,-0.00918296,0.840936,3.52102e-08
21.2002,-0.00918341,0.840936,7.16185e-08
21.2102,-0.00918854,0.84093,4.92307e-08
21.2202,-0.00919151,0.840926,8.14844e-08
21.2302,-0.00919191,0.840925,2.65216e-08
21.2402,-0.00919169,0.840925,6.05772e-08
21.2502,-0.00919181,0.840925,1.55556e-08
21.2602,-0.00919209,0.840925,4.58701e-08
21.2702,-0.00919226,0.840925,8.6031e-09
21.2802,-0.00919233,0.840925,5.35387e-08
21.2902,-0.00919238,0.840925,1.67206e-08
21.3002,-0.00919242,0.840925,7.34345e-08
21.3102,-0.00919245,0.840924,3.6386e-08
21.3202,-0.00919248,0.840924,7.90634e-08
21.3302,-0.00919249,0.840924,4.36323e-08
21.3402,-0.0091925,0.840924,8.23098e-08
21.3502,-0.00919251,0.840924,2.0416e-08
21.3602,-0.00919252,0.840924,6.38921e-08
21.3702,-0.00919252,0.840924,1.70707e-08
21.3802,-0.00919252,0.840924,4.28545e-08
21.3902,-0.00919253,0.840924,3.37738e-09
21.4002,-0.00919253,0.840924,6.48816e-08
21.4102,-0.00919253,0.840924,1.45508e-08
21.4202,-0.00919253,0.840924,6.48292e-08
21.4302,-0.00919253,0.840924,4.61556e-08
21.4402,-0.00919253,0.840924,8.38908e-08
21.4502,-0.00919253,0.840924,3.04769e-08
21.4602,-0.00919253,0.840924,8.45621e-08
21.4702,-0.00919253,0.840924,3.22891e-08
21.4802,-0.00919253,0.840924,5.04805e-08
21.4902,-0.00919253,0.840924,1.36849e-08
21.5002,-0.00919253,0.840924,5.41678e-08
21.5102,-0.00919253,0.840924,2.74724e-09
21.5202,-0.00919253,0.840924,5.10412e-08
21.5302,-0.00919253,0.840924,2.9191e-08
21.5402,-0.00919253,0.840924,6.6539e-08
21.5502,-0.00919253,0.840924,3.8191e-08
21.5602,-0.00919253,0.840924,8.30456e-08
21.5702,-0.00919253,0.840924,4.41168e-08
21.5802,-0.00919253,0.840924,7.04115e-08
21.5902,-0.00919253,0.840924,3.4276e-08
21.6002,-0.00919253,0.840924,5.18536e-08
21.6102,-0.00919253,0.840924,1.68639e-08
21.6202,-0.00919253,0.840924,4.3771e-08
21.6302,-0.00919253,0.840924,1.22603e-08
21.6402,-0.00919253,0.840924,4.61589e-08
21.6502,-0.00919253,0.840924,3.66627e-08
21.6602,-0.00919253,0.840924,5.77814e-08
21.6702,-0.00919253,0.840924,4.62643e-08
21.6802,-0.00919253,0.840924,7.99235e-08
21.6902,-0.00919253,0.840924,4.92175e-08
21.7002,-0.00919253,0.840924,5.64077e-08
21.7102,-0.00919253,0.840924,4.87002e-08
21.7202,-0.00919253,0.840924,4.44596e-08
21.7302,-0.00919253,0.840924,1.56103e-08
21.7402,-0.00919253,0.840924,3.82168e-08
21.7502,-0.00919253,0.840924,3.06722e-08
21.7602,-0.00919253,0.840924,2.79438e-08
21.7702,-0.00919253,0.840924,4.28661e-08
21.7802,-0.00919253,0.840924,6.24224e-08
21.7902,-0.00919253,0.840924,5.21545e-08
21.8002,-0.00919253,0.840924,5.86274e-08
21.8102,-0.00919253,0.840924,7.07804e-08
21.8202,-0.00919253,0.840924,4.99215e-08
21.8302,-0.00919253,0.840924,4.27852e-08
21.8402,-0.00919253,0.840924,3.96314e-08
21.8502,-0.00919253,0.840924,3.54191e-08
21.8602,-0.00919253,0.840924,1.63432e-08
21.8702,-0.00919253,0.840924,3.89923e-08
21.8802,-0.00919253,0.840924,3.02515e-08
21.8902,-0.00919253,0.840924,4.86177e-08
21.9002,-0.00919253,0.840924,4.68818e-08
21.9102,-0.00919253,0.840924,6.94338e-08
21.9202,-0.00919253,0.840924,5.067e-08
21.9302,-0.00919253,0.840924,7.40085e-08
21.9402,-0.00919253,0.840924,4.08463e-08
21.9502,-0.00919253,0.840924,5.48448e-08
21.9602,-0.00919253,0.840924,2.83569e-08
21.9702,-0.00919253,0.840924,4.16229e-08
21.9802,-0.00919253,0.840924,8.17217e-09
21.9902,-0.00919253,0.840924,5.0714e-08
22.0002,-0.00919253,0.840924,2.2119e-08
22.0102,-0.00919253,0.840924,5.32928e-08
22.0202,-0.00919253,0.840924,4.21177e-08
22.0302,-0.00919253,0.840924,8.30986e-08
22.0402,-0.00919253,0.840924,3.59739e-08
22.0502,-0.00919253,0.840924,7.83295e-08
22.0602,-0.00919253,0.840924,4.40008e-08
22.0702,-0.00919253,0.840924,5.6248e-08
22.0802,-0.00919253,0.840924,1.13231e-08
22.0902,-0.00919253,0.840924,5.94795e-08
22.1002,-0.00919253,0.840924,4.61451e-09
22.1102,-0.00919253,0.840924,4.24968e-08
22.1202,-0.00919253,0.840924,2.45896e-08
22.1302,-0.00919253,0.840924,6.89878e-08
22.1402,-0.00919253,0.840924,2.49743e-08
22.1502,-0.00919253,0.840924,8.65781e-08
22.1602,-0.00919253,0.840924,4.50991e-08
22.1702,-0.00919253,0.840924,7.50127e-08
22.1802,-0.00919253,0.840924,3.13896e-08
22.1902,-0.00919253,0.840924,6.92909e-08
22.2001,-0.00919253,0.840924,9.47157e-09
22.2101,-0.00919253,0.840924,5.08e-08
22.2201,-0.00919253,0.840924,7.3848e-09
22.2301,-0.00919253,0.840924,5.1023e-08
22.2401,-0.00919253,0.840924,1.67721e-08
22.2501,-0.00919253,0.840924,6.96448e-08
22.2601,-0.00919253,0.840924,3.09901e-08
22.2701,-0.00919253,0.840924,8.5112e-08
22.2801,-0.00919253,0.840924,4.2874e-08
22.2901,-0.00919253,0.840924,7.48525e-08
22.3001,-0.00919253,0.840924,3.28903e-08
22.3101,-0.00919253,0.840924,6.82425e-08
22.3201,-0.00919253,0.840924,6.77761e-09
22.3301,-0.00919253,0.840924,4.79854e-08
22.3401,-0.00919253,0.840924,1.66174e-08
22.3501,-0.00919253,0.840924,4.44377e-08
22.3601,-0.00919253,0.840924,1.48792e-08
22.3701,-0.00919253,0.840924,7.64609e-08
22.3801,-0.00919253,0.840924,3.60032e-08
22.3901,-0.00919253,0.840924,7.0053e-08
22.4001,-0.00919253,0.840924,5.40051e-08
22.4101,-0.00919253,0.840924,7.73412e-08
22.4201,-0.00919253,0.840924,2.51197e-08
22.4301,-0.00919253,0.840924,6.10544e-08
22.4401,-0.00919253,0.840924,2.52403e-08
22.4501,-0.00919253,0.840924,3.42189e-08
22.4601,-0.00919253,0.840924,1.39633e-08
22.4701,-0.00919253,0.840924,5.16671e-08
22.4801,-0.00919253,0.840924,2.33728e-08
22.4901,-0.00919253,0.840924,5.65135e-08
22.5001,-0.00919253,0.840924,5.2026e-08
22.5101,-0.00919253,0.840924,7.03104e-08
22.5201,-0.00919253,0.840924,4.97901e-08
22.5301,-0.00919253,0.840924,6.93189e-08
22.5401,-0.00919253,0.840924,4.21496e-08
22.5501,-0.00919253,0.840924,4.58028e-08
22.5601,-0.00919253,0.840924,2.93163e-08
22.5701,-0.00919253,0.840924,3.1105e-08
22.5801,-0.00919253,0.840924,2.3296e-08
22.5901,-0.00919253,0.840924,3.95773e-08
22.6001,-0.00919253,0.840924,3.37901e-08
22.6101,-0.00919253,0.840924,5.0033e-08
22.6201,-0.00919253,0.840924,6.2975e-08
22.6301,-0.00919253,0.840924,5.79797e-08
22.6401,-0.00919253,0.840924,5.82973e-08
22.6501,-0.00919253,0.840924,6.39443e-08
22.6601,-0.00919253,0.840924,5.01079e-08
22.6701,-0.00919253,0.840924,2.88261e-08
22.6801,-0.00919253,0.840924,4.35129e-08
22.6901,-0.00919253,0.840924,2.62557e-08
22.7001,-0.00919253,0.840924,2.38707e-08
22.7101,-0.00919253,0.840924,3.00301e-08
22.7201,-0.00919253,0.840924,5.60756e-08
22.7301,-0.00919253,0.840924,3.36595e-08
22.7401,-0.00919253,0.840924,6.50484e-08
22.7501,-0.00919253,0.840924,6.23831e-08
22.7601,-0.00919253,0.840924,6.69756e-08
22.7701,-0.00919253,0.840924,3.98882e-08
22.7801,-0.00919253,0.840924,6.85179e-08
22.7901,-0.00919253,0.840924,2.60856e-08
22.8001,-0.00919253,0.840924,3.78314e-08
22.8101,-0.00919253,0.840924,1.92563e-08
22.8201,-0.00919253,0.840924,4.44755e-08
22.8301,-0.00919253,0.840924,1.34965e-08
22.8401,-0.00919253,0.840924,6.00321e-08
22.8501,-0.00919253,0.840924,3.65752e-08
22.8601,-0.00919253,0.840924,7.25439e-08
22.8701,-0.00919253,0.840924,4.6831e-08
22.8801,-0.00919253,0.840924,7.89366e-08
22.8901,-0.00919253,0.840924,3.60334e-08
22.9001,-0.00919253,0.840924,6.91809e-08
22.9101,-0.00919253,0.840924,1.8016e-08
22.9201,-0.00919253,0.840924,4.74293e-08
22.9301,-0.00919253,0.840924,1.24634e-08
22.9401,-0.00919253,0.840924,4.88487e-08
22.9501,-0.00919253,0.840924,7.71777e-09
22.9601,-0.00919253,0.840924,6.85416e-08
22.9701,-0.00919253,0.840924,3.44817e-08
22.9801,-0.00919253,0.840924,7.19211e-08
22.9901,-0.00919253,0.840924,4.31846e-08
23.0001,-0.00919253,0.840924,9.06468e-08
23.0101,-0.00919253,0.840924,2.51751e-08
23.0201,-0.00919253,0.840924,6.60657e-08
23.0301,-0.00919253,0.840924,2.61684e-08
23.0401,-0.00919253,0.840924,4.74995e-08
23.0501,-0.00919253,0.840924,-1.54134e-09
23.0601,-0.00919253,0.840924,6.09299e-08
23.0701,-0.00919253,0.840924,1.27776e-08
23.0801,-0.00919253,0.840924,5.66321e-08
23.0901,-0.00919253,0.840924,3.72804e-08
23.1001,-0.00919253,0.840924,8.48983e-08
23.1101,-0.00919253,0.840924,3.32581e-08
23.1201,-0.00919253,0.840924,8.3967e-08
23.1301,-0.00919253,0.840924,3.85488e-08
23.1401,-0.00919253,0.840924,6.17734e-08
23.1501,-0.00919253,0.840924,1.563e-08
23.1601,-0.00919253,0.840924,5.41458e-08
23.1701,-0.00919253,0.840924,5.41155e-09
23.1801,-0.00919253,0.840924,4.79761e-08
23.1901,-0.00919253,0.840924,1.87765e-08
23.2001,-0.00919253,0.840924,6.14305e-08
23.2101,-0.00919253,0.840924,3.60003e-08
23.2201,-0.00919253,0.840924,7.92949e-08
23.2301,-0.00919253,0.840924,4.18652e-08
23.2401,-0.00919253,0.840924,7.87368e-08
23.2501,-0.00919253,0.840924,4.11976e-08
23.2601,-0.00919253,0.840924,5.44639e-08
23.2701,-0.00919253,0.840924,2.20209e-08
23.2801,-0.00919253,0.840924,5.07309e-08
23.2901,-0.00919253,0.840924,7.07917e-09
23.3001,-0.00919253,0.840924,4.02247e-08
23.3101,-0.00919253,0.840924,3.37018e-08
23.3201,-0.00919253,0.840924,5.26775e-08
23.3301,-0.00919253,0.840924,3.64412e-08
23.3401,-0.00919253,0.840924,8.01026e-08
23.3501,-0.00919253,0.840924,5.34872e-08
23.3601,-0.00919253,0.840924,5.88516e-08
23.3701,-0.00919253,0.840924,5.13621e-08
23.3801,-0.00919253,0.840924,5.64028e-08
23.3901,-0.00919253,0.840924,1.96527e-08
23.4,-0.00919253,0.840924,3.60323e-08
23.41,-0.00919253,0.840924,3.05592e-08
23.42,-0.00919253,0.840924,2.78841e-08
23.43,-0.00919253,0.840924,3.1238e-08
23.44,-0.00919253,0.840924,5.61209e-08
23.45,-0.00919253,0.840924,5.08399e-08
23.46,-0.00919253,0.840924,5.70785e-08
23.47,-0.00919253,0.840924,6.78678e-08
23.48,-0.00919253,0.840924,5.79725e-08
23.49,-0.00919253,0.840924,5.07831e-08
23.5,-0.00919253,0.840924,4.35085e-08
23.51,-0.00919253,0.840924,3.74964e-08
23.52,-0.00919253,0.840924,2.32727e-08
23.53,-0.00919253,0.840924,3.5187e-08
23.54,-0.00919253,0.840924,2.24555e-08
23.55,-0.00919253,0.840924,4.41322e-08
23.56,-0.00919253,0.840924,4.40917e-08
23.57,-0.00919253,0.840924,6.00863e-08
23.58,-0.00919253,0.840924,4.98899e-08
23.59,-0.00919253,0.840924,7.89219e-08
23.6,-0.00919253,0.840924,4.57269e-08
23.61,-0.00919253,0.840924,5.68164e-08
23.62,-0.00919253,0.840924,3.79039e-08
23.63,-0.00919253,0.840924,4.77311e-08
23.64,-0.00919253,0.840924,6.25463e-09
23.65,-0.00919253,0.840924,4.65949e-08
23.66,-0.00919253,0.840924,2.29121e-08
23.67,-0.00919253,0.840924,4.42646e-08
23.68,-0.00919253,0.840924,3.27336e-08
23.69,-0.00919253,0.840924,8.21634e-08
23.7,-0.00919253,0.840924,3.74839e-08
23.71,-0.00919253,0.840924,7.5304e-08
23.72,-0.00919253,0.840924,5.04093e-08
23.73,-0.00919253,0.840924,6.61034e-08
23.74,-0.00919253,0.840924,1.57841e-08
23.75,-0.00919253,0.840924,5.98337e-08
23.76,-0.00919253,0.840924,9.62635e-09
23.77,-0.00919253,0.840924,4.10248e-08
23.78,-0.00919253,0.840924,1.53512e-08
23.79,-0.00919253,0.840924,6.26734e-08
23.8,-0.00919253,0.840924,2.37403e-08
23.81,-0.00919253,0.840924,7.92887e-08
23.82,-0.00919253,0.840924,4.21369e-08
23.83,-0.00919253,0.840924,8.15239e-08
23.84,-0.00919253,0.840924,3.73549e-08
23.85,-0.00919253,0.840924,7.16354e-08
23.86,-0.00919253,0.840924,1.68558e-08
23.87,-0.00919253,0.840924,5.7575e-08
23.88,-0.00919253,0.840924,5.7727e-09
23.89,-0.00919253,0.840924,4.5642e-08
23.9,-0.00919253,0.840924,1.48992e-08
23.91,-0.00919253,0.840924,6.43148e-08
23.92,-0.00919253,0.840924,2.06031e-08
23.93,-0.00919253,0.840924,8.2642e-08
23.94,-0.00919253,0.840924,4.65268e-08
23.95,-0.00919253,0.840924,7.45424e-08
23.96,-0.00919253,0.840924,3.58972e-08
23.97,-0.00919253,0.840924,7.94988e-08
23.98,-0.00919253,0.840924,1.22784e-08
23.99,-0.00919253,0.840924,4.75642e-08
24,-0.00919253,0.840924,1.83534e-08
