#Exudyn implicit second order time integration sensor output file
#measure Object number = 6
#OutputVariableType = Distance
#simulation started = 2023-06-08,09:04:37
#columns contain: time, comma separated sensor values (e.g, x,y,z position coordinates)
#number of sensor values = 1
#Exudyn version = 1.6.119.dev1; Python3.8.13; Linux FLOAT64
#
0,0.809163
0.0109991,0.809186
0.0209983,0.809197
0.0309974,0.809206
0.0409966,0.809208
0.0509958,0.809202
0.0609949,0.809192
0.0709941,0.809189
0.0809933,0.809193
0.0909924,0.809198
0.100992,0.809202
0.110991,0.809201
0.12099,0.809199
0.130989,0.809196
0.140988,0.809194
0.150987,0.809194
0.160987,0.809195
0.170986,0.809197
0.180985,0.809197
0.190984,0.809197
0.200983,0.809197
0.210982,0.809197
0.220982,0.809197
0.230981,0.809197
0.24098,0.809197
0.250979,0.809197
0.260978,0.809197
0.270977,0.809197
0.280977,0.809197
0.290976,0.809197
0.300975,0.809197
0.310974,0.809197
0.320973,0.809197
0.330972,0.809197
0.340972,0.809197
0.350971,0.809197
0.36097,0.809197
0.370969,0.809197
0.380968,0.809197
0.390967,0.809197
0.400967,0.809197
0.410966,0.809197
0.420965,0.809197
0.430964,0.809197
0.440963,0.809197
0.450962,0.809197
0.460962,0.809197
0.470961,0.809197
0.48096,0.809197
0.490959,0.809197
0.500958,0.809197
0.510957,0.809197
0.520957,0.809197
0.530956,0.809197
0.540955,0.809197
0.550954,0.809197
0.560953,0.809197
0.570952,0.809197
0.580952,0.809197
0.590951,0.809197
0.60095,0.809197
0.610949,0.809197
0.620948,0.809197
0.630947,0.809197
0.640947,0.809197
0.650946,0.809197
0.660945,0.809197
0.670944,0.809197
0.680943,0.809197
0.690942,0.809197
0.700942,0.809197
0.710941,0.809197
0.72094,0.809197
0.730939,0.809197
0.740938,0.809197
0.750937,0.809197
0.760937,0.809197
0.770936,0.809197
0.780935,0.809197
0.790934,0.809197
0.800933,0.809197
0.810932,0.809197
0.820932,0.809197
0.830931,0.809197
0.84093,0.809197
0.850929,0.809197
0.860928,0.809197
0.870927,0.809197
0.880927,0.809197
0.890926,0.809197
0.900925,0.809197
0.910924,0.809197
0.920923,0.809197
0.930922,0.809197
0.940922,0.809197
0.950921,0.809197
0.96092,0.809197
0.970919,0.809197
0.980918,0.809197
0.990917,0.809197
1.00092,0.809197
1.01092,0.809197
1.02091,0.809197
1.03091,0.809197
1.04091,0.809197
1.05091,0.809197
1.06091,0.809197
1.07091,0.809197
1.08091,0.809197
1.09091,0.809197
1.10091,0.809197
1.11091,0.809197
1.12091,0.809197
1.13091,0.809197
1.1409,0.809197
1.1509,0.809197
1.1609,0.809197
1.1709,0.809197
1.1809,0.809197
1.1909,0.809197
1.2009,0.809197
1.2109,0.809197
1.2209,0.809197
1.2309,0.809197
1.2409,0.809197
1.2509,0.809197
1.26089,0.809197
1.27089,0.809197
1.28089,0.809197
1.29089,0.809197
1.30089,0.809197
1.31089,0.809197
1.32089,0.809197
1.33089,0.809197
1.34089,0.809197
1.35089,0.809197
1.36089,0.809197
1.37089,0.809197
1.38088,0.809197
1.39088,0.809197
1.40088,0.809197
1.41088,0.809197
1.42088,0.809197
1.43088,0.809197
1.44088,0.809197
1.45088,0.809197
1.46088,0.809197
1.47088,0.809197
1.48088,0.809197
1.49088,0.809197
1.50087,0.809197
1.51087,0.809197
1.52087,0.809197
1.53087,0.809197
1.54087,0.809197
1.55087,0.809197
1.56087,0.809197
1.57087,0.809197
1.58087,0.809197
1.59087,0.809197
1.60087,0.809197
1.61087,0.809197
1.62086,0.809197
1.63086,0.809197
1.64086,0.809197
1.65086,0.809197
1.66086,0.809197
1.67086,0.809197
1.68086,0.809197
1.69086,0.809197
1.70086,0.809197
1.71086,0.809197
1.72086,0.809197
1.73086,0.809197
1.74085,0.809197
1.75085,0.809197
1.76085,0.809197
1.77085,0.809197
1.78085,0.809197
1.79085,0.809197
1.80085,0.809197
1.81085,0.809197
1.82085,0.809197
1.83085,0.809197
1.84085,0.809197
1.85085,0.809197
1.86084,0.809197
1.87084,0.809197
1.88084,0.809197
1.89084,0.809197
1.90084,0.809197
1.91084,0.809197
1.92084,0.809197
1.93084,0.809197
1.94084,0.809197
1.95084,0.809197
1.96084,0.809197
1.97084,0.809197
1.98083,0.809197
1.99083,0.809197
2.00083,0.809197
2.01083,0.809221
2.02083,0.809341
2.03083,0.809639
2.04083,0.810161
2.05083,0.81086
2.06083,0.811624
2.07083,0.812343
2.08083,0.812971
2.09083,0.813538
2.10082,0.814121
2.11082,0.81478
2.12082,0.815524
2.13082,0.816312
2.14082,0.817083
2.15082,0.817799
2.16082,0.818464
2.17082,0.819117
2.18082,0.819798
2.19082,0.820523
2.20082,0.821278
2.21082,0.822031
2.22081,0.822757
2.23081,0.823453
2.24081,0.824136
2.25081,0.824831
2.26081,0.825549
2.27081,0.826285
2.28081,0.827021
2.29081,0.827744
2.30081,0.828451
2.31081,0.829151
2.32081,0.829856
2.33081,0.830573
2.3408,0.831299
2.3508,0.832026
2.3608,0.832745
2.3708,0.833456
2.3808,0.834164
2.3908,0.834875
2.4008,0.835593
2.4108,0.836316
2.4208,0.837038
2.4308,0.837755
2.4408,0.838467
2.4508,0.839179
2.46079,0.839893
2.47079,0.840612
2.48079,0.841333
2.49079,0.842052
2.50079,0.842769
2.51079,0.843483
2.52079,0.844197
2.53079,0.844913
2.54079,0.845631
2.55079,0.846351
2.56079,0.847069
2.57079,0.847786
2.58078,0.848502
2.59078,0.849218
2.60078,0.849935
2.61078,0.850653
2.62078,0.851371
2.63078,0.852088
2.64078,0.852805
2.65078,0.853522
2.66078,0.854239
2.67078,0.854957
2.68078,0.855675
2.69078,0.856393
2.70077,0.85711
2.71077,0.857827
2.72077,0.858544
2.73077,0.859262
2.74077,0.85998
2.75077,0.860698
2.76077,0.861416
2.77077,0.862134
2.78077,0.862851
2.79077,0.863569
2.80077,0.864287
2.81077,0.865005
2.82076,0.865723
2.83076,0.866441
2.84076,0.867159
2.85076,0.867877
2.86076,0.868595
2.87076,0.869313
2.88076,0.870032
2.89076,0.87075
2.90076,0.871468
2.91076,0.872186
2.92076,0.872904
2.93076,0.873622
2.94075,0.874341
2.95075,0.875059
2.96075,0.875777
2.97075,0.876496
2.98075,0.877214
2.99075,0.877933
3.00075,0.878651
3.01075,0.87937
3.02075,0.880088
3.03075,0.880806
3.04075,0.881525
3.05075,0.882244
3.06074,0.882962
3.07074,0.883681
3.08074,0.8844
3.09074,0.885119
3.10074,0.885837
3.11074,0.886556
3.12074,0.887275
3.13074,0.887994
3.14074,0.888712
3.15074,0.889431
3.16074,0.89015
3.17074,0.890869
3.18073,0.891588
3.19073,0.892307
3.20073,0.893026
3.21073,0.893745
3.22073,0.894464
3.23073,0.895183
3.24073,0.895902
3.25073,0.896621
3.26073,0.89734
3.27073,0.898059
3.28073,0.898779
3.29073,0.899498
3.30072,0.900217
3.31072,0.900936
3.32072,0.901656
3.33072,0.902375
3.34072,0.903094
3.35072,0.903813
3.36072,0.904533
3.37072,0.905252
3.38072,0.905971
3.39072,0.906691
3.40072,0.90741
3.41072,0.90813
3.42071,0.908849
3.43071,0.909569
3.44071,0.910288
3.45071,0.911008
3.46071,0.911727
3.47071,0.912447
3.48071,0.913166
3.49071,0.913886
3.50071,0.914605
3.51071,0.915325
3.52071,0.916045
3.53071,0.916765
3.5407,0.917484
3.5507,0.918204
3.5607,0.918924
3.5707,0.919643
3.5807,0.920363
3.5907,0.921083
3.6007,0.921803
3.6107,0.922523
3.6207,0.923242
3.6307,0.923962
3.6407,0.924682
3.6507,0.925402
3.66069,0.926122
3.67069,0.926842
3.68069,0.927562
3.69069,0.928282
3.70069,0.929002
3.71069,0.929722
3.72069,0.930442
3.73069,0.931162
3.74069,0.931882
3.75069,0.932602
3.76069,0.933322
3.77069,0.934042
3.78068,0.934763
3.79068,0.935483
3.80068,0.936203
3.81068,0.936923
3.82068,0.937643
3.83068,0.938363
3.84068,0.939084
3.85068,0.939804
3.86068,0.940524
3.87068,0.941245
3.88068,0.941965
3.89068,0.942685
3.90067,0.943406
3.91067,0.944126
3.92067,0.944846
3.93067,0.945567
3.94067,0.946287
3.95067,0.947007
3.96067,0.947728
3.97067,0.948448
3.98067,0.949169
3.99067,0.949889
4.00067,0.95061
4.01067,0.95133
4.02066,0.952051
4.03066,0.952771
4.04066,0.953492
4.05066,0.954213
4.06066,0.954933
4.07066,0.955654
4.08066,0.956374
4.09066,0.957095
4.10066,0.957816
4.11066,0.958536
4.12066,0.959257
4.13066,0.959978
4.14065,0.960698
4.15065,0.961419
4.16065,0.96214
4.17065,0.962861
4.18065,0.963582
4.19065,0.964302
4.20065,0.965023
4.21065,0.965744
4.22065,0.966465
4.23065,0.967186
4.24065,0.967907
4.25065,0.968627
4.26064,0.969348
4.27064,0.970069
4.28064,0.97079
4.29064,0.971511
4.30064,0.972232
4.31064,0.972953
4.32064,0.973674
4.33064,0.974395
4.34064,0.975116
4.35064,0.975837
4.36064,0.976558
4.37064,0.977279
4.38063,0.978
4.39063,0.978721
4.40063,0.979443
4.41063,0.980164
4.42063,0.980885
4.43063,0.981606
4.44063,0.982327
4.45063,0.983048
4.46063,0.98377
4.47063,0.984491
4.48063,0.985212
4.49063,0.985933
4.50062,0.986654
4.51062,0.987376
4.52062,0.988097
4.53062,0.988818
4.54062,0.98954
4.55062,0.990261
4.56062,0.990982
4.57062,0.991704
4.58062,0.992425
4.59062,0.993146
4.60062,0.993868
4.61062,0.994589
4.62061,0.995311
4.63061,0.996032
4.64061,0.996754
4.65061,0.997475
4.66061,0.998196
4.67061,0.998918
4.68061,0.999639
4.69061,1.00036
4.70061,1.00108
4.71061,1.0018
4.72061,1.00253
4.73061,1.00325
4.7406,1.00397
4.7506,1.00469
4.7606,1.00541
4.7706,1.00613
4.7806,1.00686
4.7906,1.00758
4.8006,1.0083
4.8106,1.00902
4.8206,1.00974
4.8306,1.01046
4.8406,1.01119
4.8506,1.01191
4.86059,1.01263
4.87059,1.01335
4.88059,1.01407
4.89059,1.01479
4.90059,1.01552
4.91059,1.01624
4.92059,1.01696
4.93059,1.01768
4.94059,1.0184
4.95059,1.01913
4.96059,1.01985
4.97059,1.02057
4.98058,1.02129
4.99058,1.02201
5.00058,1.02274
5.01058,1.02346
5.02058,1.02418
5.03058,1.0249
5.04058,1.02562
5.05058,1.02635
5.06058,1.02707
5.07058,1.02779
5.08058,1.02851
5.09058,1.02923
5.10057,1.02996
5.11057,1.03068
5.12057,1.0314
5.13057,1.03212
5.14057,1.03284
5.15057,1.03357
5.16057,1.03429
5.17057,1.03501
5.18057,1.03573
5.19057,1.03646
5.20057,1.03718
5.21057,1.0379
5.22056,1.03862
5.23056,1.03934
5.24056,1.04007
5.25056,1.04079
5.26056,1.04151
5.27056,1.04223
5.28056,1.04296
5.29056,1.04368
5.30056,1.0444
5.31056,1.04512
5.32056,1.04585
5.33056,1.04657
5.34055,1.04729
5.35055,1.04801
5.36055,1.04873
5.37055,1.04946
5.38055,1.05018
5.39055,1.0509
5.40055,1.05162
5.41055,1.05235
5.42055,1.05307
5.43055,1.05379
5.44055,1.05452
5.45055,1.05524
5.46054,1.05596
5.47054,1.05668
5.48054,1.05741
5.49054,1.05813
5.50054,1.05885
5.51054,1.05957
5.52054,1.0603
5.53054,1.06102
5.54054,1.06174
5.55054,1.06246
5.56054,1.06319
5.57054,1.06391
5.58053,1.06463
5.59053,1.06536
5.60053,1.06608
5.61053,1.0668
5.62053,1.06752
5.63053,1.06825
5.64053,1.06897
5.65053,1.06969
5.66053,1.07042
5.67053,1.07114
5.68053,1.07186
5.69053,1.07258
5.70052,1.07331
5.71052,1.07403
5.72052,1.07475
5.73052,1.07548
5.74052,1.0762
5.75052,1.07692
5.76052,1.07765
5.77052,1.07837
5.78052,1.07909
5.79052,1.07981
5.80052,1.08054
5.81052,1.08126
5.82051,1.08198
5.83051,1.08271
5.84051,1.08343
5.85051,1.08415
5.86051,1.08488
5.87051,1.0856
5.88051,1.08632
5.89051,1.08705
5.90051,1.08777
5.91051,1.08849
5.92051,1.08922
5.93051,1.08994
5.9405,1.09066
5.9505,1.09139
5.9605,1.09211
5.9705,1.09283
5.9805,1.09356
5.9905,1.09428
6.0005,1.095
6.0105,1.09573
6.0205,1.09645
6.0305,1.09717
6.0405,1.0979
6.0505,1.09862
6.06049,1.09934
6.07049,1.10007
6.08049,1.10079
6.09049,1.10151
6.10049,1.10224
6.11049,1.10296
6.12049,1.10369
6.13049,1.10441
6.14049,1.10513
6.15049,1.10586
6.16049,1.10658
6.17049,1.1073
6.18048,1.10803
6.19048,1.10875
6.20048,1.10948
6.21048,1.1102
6.22048,1.11092
6.23048,1.11165
6.24048,1.11237
6.25048,1.11309
6.26048,1.11382
6.27048,1.11454
6.28048,1.11527
6.29048,1.11599
6.30047,1.11671
6.31047,1.11744
6.32047,1.11816
6.33047,1.11889
6.34047,1.11961
6.35047,1.12033
6.36047,1.12106
6.37047,1.12178
6.38047,1.12251
6.39047,1.12323
6.40047,1.12395
6.41047,1.12468
6.42046,1.1254
6.43046,1.12613
6.44046,1.12685
6.45046,1.12757
6.46046,1.1283
6.47046,1.12902
6.48046,1.12975
6.49046,1.13047
6.50046,1.1312
6.51046,1.13192
6.52046,1.13264
6.53046,1.13337
6.54045,1.13409
6.55045,1.13482
6.56045,1.13554
6.57045,1.13627
6.58045,1.13699
6.59045,1.13772
6.60045,1.13844
6.61045,1.13916
6.62045,1.13989
6.63045,1.14061
6.64045,1.14134
6.65045,1.14206
6.66044,1.14279
6.67044,1.14351
6.68044,1.14424
6.69044,1.14496
6.70044,1.14569
6.71044,1.14641
6.72044,1.14714
6.73044,1.14786
6.74044,1.14859
6.75044,1.14931
6.76044,1.15003
6.77044,1.15076
6.78043,1.15148
6.79043,1.15221
6.80043,1.15293
6.81043,1.15366
6.82043,1.15438
6.83043,1.15511
6.84043,1.15583
6.85043,1.15656
6.86043,1.15728
6.87043,1.15801
6.88043,1.15873
6.89043,1.15946
6.90042,1.16018
6.91042,1.16091
6.92042,1.16163
6.93042,1.16236
6.94042,1.16308
6.95042,1.16381
6.96042,1.16454
6.97042,1.16526
6.98042,1.16599
6.99042,1.16671
7.00042,1.16744
7.01042,1.16816
7.02041,1.16889
7.03041,1.16961
7.04041,1.17034
7.05041,1.17106
7.06041,1.17179
7.07041,1.17251
7.08041,1.17324
7.09041,1.17397
7.10041,1.17469
7.11041,1.17542
7.12041,1.17614
7.13041,1.17687
7.1404,1.17759
7.1504,1.17832
7.1604,1.17905
7.1704,1.17977
7.1804,1.1805
7.1904,1.18122
7.2004,1.18195
7.2104,1.18267
7.2204,1.1834
7.2304,1.18413
7.2404,1.18485
7.2504,1.18558
7.26039,1.1863
7.27039,1.18703
7.28039,1.18776
7.29039,1.18848
7.30039,1.18921
7.31039,1.18993
7.32039,1.19066
7.33039,1.19139
7.34039,1.19211
7.35039,1.19284
7.36039,1.19356
7.37039,1.19429
7.38038,1.19502
7.39038,1.19574
7.40038,1.19647
7.41038,1.1972
7.42038,1.19792
7.43038,1.19865
7.44038,1.19938
7.45038,1.2001
7.46038,1.20083
7.47038,1.20156
7.48038,1.20228
7.49038,1.20301
7.50037,1.20374
7.51037,1.20446
7.52037,1.20519
7.53037,1.20592
7.54037,1.20664
7.55037,1.20737
7.56037,1.2081
7.57037,1.20882
7.58037,1.20955
7.59037,1.21028
7.60037,1.211
7.61037,1.21173
7.62036,1.21246
7.63036,1.21318
7.64036,1.21391
7.65036,1.21464
7.66036,1.21537
7.67036,1.21609
7.68036,1.21682
7.69036,1.21755
7.70036,1.21827
7.71036,1.219
7.72036,1.21973
7.73036,1.22046
7.74035,1.22118
7.75035,1.22191
7.76035,1.22264
7.77035,1.22337
7.78035,1.22409
7.79035,1.22482
7.80035,1.22555
7.81035,1.22628
7.82035,1.227
7.83035,1.22773
7.84035,1.22846
7.85035,1.22919
7.86034,1.22991
7.87034,1.23064
7.88034,1.23137
7.89034,1.2321
7.90034,1.23283
7.91034,1.23355
7.92034,1.23428
7.93034,1.23501
7.94034,1.23574
7.95034,1.23647
7.96034,1.23719
7.97034,1.23792
7.98033,1.23865
7.99033,1.23938
8.00033,1.24011
8.01033,1.24084
8.02033,1.24156
8.03033,1.24229
8.04033,1.24302
8.05033,1.24375
8.06033,1.24448
8.07033,1.24521
8.08033,1.24594
8.09033,1.24666
8.10032,1.24739
8.11032,1.24812
8.12032,1.24885
8.13032,1.24958
8.14032,1.25031
8.15032,1.25104
8.16032,1.25177
8.17032,1.2525
8.18032,1.25322
8.19032,1.25395
8.20032,1.25468
8.21032,1.25541
8.22031,1.25614
8.23031,1.25687
8.24031,1.2576
8.25031,1.25833
8.26031,1.25906
8.27031,1.25979
8.28031,1.26052
8.29031,1.26125
8.30031,1.26198
8.31031,1.26271
8.32031,1.26344
8.33031,1.26417
8.3403,1.2649
8.3503,1.26563
8.3603,1.26636
8.3703,1.26709
8.3803,1.26782
8.3903,1.26855
8.4003,1.26928
8.4103,1.27001
8.4203,1.27074
8.4303,1.27147
8.4403,1.2722
8.4503,1.27293
8.46029,1.27366
8.47029,1.27439
8.48029,1.27512
8.49029,1.27585
8.50029,1.27658
8.51029,1.27731
8.52029,1.27804
8.53029,1.27877
8.54029,1.2795
8.55029,1.28023
8.56029,1.28097
8.57029,1.2817
8.58028,1.28243
8.59028,1.28316
8.60028,1.28389
8.61028,1.28462
8.62028,1.28535
8.63028,1.28608
8.64028,1.28682
8.65028,1.28755
8.66028,1.28828
8.67028,1.28901
8.68028,1.28974
8.69028,1.29047
8.70027,1.29121
8.71027,1.29194
8.72027,1.29267
8.73027,1.2934
8.74027,1.29413
8.75027,1.29487
8.76027,1.2956
8.77027,1.29633
8.78027,1.29706
8.79027,1.2978
8.80027,1.29853
8.81027,1.29926
8.82026,1.29999
8.83026,1.30073
8.84026,1.30146
8.85026,1.30219
8.86026,1.30293
8.87026,1.30366
8.88026,1.30439
8.89026,1.30513
8.90026,1.30586
8.91026,1.30659
8.92026,1.30733
8.93026,1.30806
8.94025,1.30879
8.95025,1.30953
8.96025,1.31026
8.97025,1.31099
8.98025,1.31173
8.99025,1.31246
9.00025,1.3132
9.01025,1.3139
9.02025,1.31451
9.03025,1.31494
9.04025,1.31516
9.05025,1.3152
9.06024,1.31518
9.07024,1.3152
9.08024,1.31529
9.09024,1.31542
9.10024,1.31552
9.11024,1.31555
9.12024,1.3155
9.13024,1.31544
9.14024,1.31541
9.15024,1.31544
9.16024,1.31549
9.17024,1.31553
9.18023,1.31554
9.19023,1.31551
9.20023,1.31549
9.21023,1.31547
9.22023,1.31548
9.23023,1.3155
9.24023,1.31551
9.25023,1.31551
9.26023,1.3155
9.27023,1.3155
9.28023,1.3155
9.29023,1.3155
9.30022,1.3155
9.31022,1.3155
9.32022,1.3155
9.33022,1.3155
9.34022,1.3155
9.35022,1.3155
9.36022,1.3155
9.37022,1.3155
9.38022,1.3155
9.39022,1.3155
9.40022,1.3155
9.41022,1.3155
9.42021,1.3155
9.43021,1.3155
9.44021,1.3155
9.45021,1.3155
9.46021,1.3155
9.47021,1.3155
9.48021,1.3155
9.49021,1.3155
9.50021,1.3155
9.51021,1.3155
9.52021,1.3155
9.53021,1.3155
9.5402,1.3155
9.5502,1.3155
9.5602,1.3155
9.5702,1.3155
9.5802,1.3155
9.5902,1.3155
9.6002,1.3155
9.6102,1.3155
9.6202,1.3155
9.6302,1.3155
9.6402,1.3155
9.6502,1.3155
9.66019,1.3155
9.67019,1.3155
9.68019,1.3155
9.69019,1.3155
9.70019,1.3155
9.71019,1.3155
9.72019,1.3155
9.73019,1.3155
9.74019,1.3155
9.75019,1.3155
9.76019,1.3155
9.77019,1.3155
9.78018,1.3155
9.79018,1.3155
9.80018,1.3155
9.81018,1.3155
9.82018,1.3155
9.83018,1.3155
9.84018,1.3155
9.85018,1.3155
9.86018,1.3155
9.87018,1.3155
9.88018,1.3155
9.89018,1.3155
9.90017,1.3155
9.91017,1.3155
9.92017,1.3155
9.93017,1.3155
9.94017,1.3155
9.95017,1.3155
9.96017,1.3155
9.97017,1.3155
9.98017,1.3155
9.99017,1.3155
10.0002,1.3155
10.0102,1.3155
10.0202,1.3155
10.0302,1.3155
10.0402,1.3155
10.0502,1.3155
10.0602,1.3155
10.0702,1.3155
10.0802,1.3155
10.0902,1.3155
10.1002,1.3155
10.1102,1.3155
10.1202,1.3155
10.1302,1.3155
10.1402,1.3155
10.1502,1.3155
10.1602,1.3155
10.1702,1.3155
10.1802,1.3155
10.1902,1.3155
10.2001,1.3155
10.2101,1.3155
10.2201,1.3155
10.2301,1.3155
10.2401,1.3155
10.2501,1.3155
10.2601,1.3155
10.2701,1.3155
10.2801,1.3155
10.2901,1.3155
10.3001,1.3155
10.3101,1.3155
10.3201,1.3155
10.3301,1.3155
10.3401,1.3155
10.3501,1.3155
10.3601,1.3155
10.3701,1.3155
10.3801,1.3155
10.3901,1.3155
10.4001,1.3155
10.4101,1.3155
10.4201,1.3155
10.4301,1.3155
10.4401,1.3155
10.4501,1.3155
10.4601,1.3155
10.4701,1.3155
10.4801,1.3155
10.4901,1.3155
10.5001,1.3155
10.5101,1.3155
10.5201,1.3155
10.5301,1.3155
10.5401,1.3155
10.5501,1.3155
10.5601,1.3155
10.5701,1.3155
10.5801,1.3155
10.5901,1.3155
10.6001,1.3155
10.6101,1.3155
10.6201,1.3155
10.6301,1.3155
10.6401,1.3155
10.6501,1.3155
10.6601,1.3155
10.6701,1.3155
10.6801,1.3155
10.6901,1.3155
10.7001,1.3155
10.7101,1.3155
10.7201,1.3155
10.7301,1.3155
10.7401,1.3155
10.7501,1.3155
10.7601,1.3155
10.7701,1.3155
10.7801,1.3155
10.7901,1.3155
10.8001,1.3155
10.8101,1.3155
10.8201,1.3155
10.8301,1.3155
10.8401,1.3155
10.8501,1.3155
10.8601,1.3155
10.8701,1.3155
10.8801,1.3155
10.8901,1.3155
10.9001,1.3155
10.9101,1.3155
10.9201,1.3155
10.9301,1.3155
10.9401,1.3155
10.9501,1.3155
10.9601,1.3155
10.9701,1.3155
10.9801,1.3155
10.9901,1.3155
11.0001,1.3155
11.0101,1.3155
11.0201,1.3155
11.0301,1.3155
11.0401,1.3155
11.0501,1.3155
11.0601,1.3155
11.0701,1.3155
11.0801,1.3155
11.0901,1.3155
11.1001,1.3155
11.1101,1.3155
11.1201,1.3155
11.1301,1.3155
11.1401,1.3155
11.1501,1.3155
11.1601,1.3155
11.1701,1.3155
11.1801,1.3155
11.1901,1.3155
11.2001,1.3155
11.2101,1.3155
11.2201,1.3155
11.2301,1.3155
11.2401,1.3155
11.2501,1.3155
11.2601,1.3155
11.2701,1.3155
11.2801,1.3155
11.2901,1.3155
11.3001,1.3155
11.3101,1.3155
11.3201,1.3155
11.3301,1.3155
11.3401,1.3155
11.3501,1.3155
11.3601,1.3155
11.3701,1.3155
11.3801,1.3155
11.3901,1.3155
11.4,1.3155
11.41,1.3155
11.42,1.3155
11.43,1.3155
11.44,1.3155
11.45,1.3155
11.46,1.3155
11.47,1.3155
11.48,1.3155
11.49,1.3155
11.5,1.3155
11.51,1.3155
11.52,1.3155
11.53,1.3155
11.54,1.3155
11.55,1.3155
11.56,1.3155
11.57,1.3155
11.58,1.3155
11.59,1.3155
11.6,1.3155
11.61,1.3155
11.62,1.3155
11.63,1.3155
11.64,1.3155
11.65,1.3155
11.66,1.3155
11.67,1.3155
11.68,1.3155
11.69,1.3155
11.7,1.3155
11.71,1.3155
11.72,1.3155
11.73,1.3155
11.74,1.3155
11.75,1.3155
11.76,1.3155
11.77,1.3155
11.78,1.3155
11.79,1.3155
11.8,1.3155
11.81,1.3155
11.82,1.3155
11.83,1.3155
11.84,1.3155
11.85,1.3155
11.86,1.3155
11.87,1.3155
11.88,1.3155
11.89,1.3155
11.9,1.3155
11.91,1.3155
11.92,1.3155
11.93,1.3155
11.94,1.3155
11.95,1.3155
11.96,1.3155
11.97,1.3155
11.98,1.3155
11.99,1.3155
12,1.3155
12.011,1.3155
12.021,1.3155
12.031,1.3155
12.041,1.3155
12.051,1.3155
12.061,1.3155
12.071,1.3155
12.081,1.3155
12.091,1.3155
12.101,1.3155
12.111,1.3155
12.121,1.3155
12.131,1.3155
12.141,1.3155
12.151,1.3155
12.161,1.3155
12.171,1.3155
12.181,1.3155
12.191,1.3155
12.201,1.3155
12.211,1.3155
12.221,1.3155
12.231,1.3155
12.241,1.3155
12.251,1.3155
12.261,1.3155
12.271,1.3155
12.281,1.3155
12.291,1.3155
12.301,1.3155
12.311,1.3155
12.321,1.3155
12.331,1.3155
12.341,1.3155
12.351,1.3155
12.361,1.3155
12.371,1.3155
12.381,1.3155
12.391,1.3155
12.401,1.3155
12.411,1.3155
12.421,1.3155
12.431,1.3155
12.441,1.3155
12.451,1.3155
12.461,1.3155
12.471,1.3155
12.481,1.3155
12.491,1.3155
12.501,1.3155
12.511,1.3155
12.521,1.3155
12.531,1.3155
12.541,1.3155
12.551,1.3155
12.561,1.3155
12.571,1.3155
12.581,1.3155
12.591,1.3155
12.6009,1.3155
12.6109,1.3155
12.6209,1.3155
12.6309,1.3155
12.6409,1.3155
12.6509,1.3155
12.6609,1.3155
12.6709,1.3155
12.6809,1.3155
12.6909,1.3155
12.7009,1.3155
12.7109,1.3155
12.7209,1.3155
12.7309,1.3155
12.7409,1.3155
12.7509,1.3155
12.7609,1.3155
12.7709,1.3155
12.7809,1.3155
12.7909,1.3155
12.8009,1.3155
12.8109,1.3155
12.8209,1.3155
12.8309,1.3155
12.8409,1.3155
12.8509,1.3155
12.8609,1.3155
12.8709,1.3155
12.8809,1.3155
12.8909,1.3155
12.9009,1.3155
12.9109,1.3155
12.9209,1.3155
12.9309,1.3155
12.9409,1.3155
12.9509,1.3155
12.9609,1.3155
12.9709,1.3155
12.9809,1.3155
12.9909,1.3155
13.0009,1.3155
13.0109,1.3155
13.0209,1.3155
13.0309,1.3155
13.0409,1.3155
13.0509,1.3155
13.0609,1.3155
13.0709,1.3155
13.0809,1.3155
13.0909,1.3155
13.1009,1.3155
13.1109,1.3155
13.1209,1.3155
13.1309,1.3155
13.1409,1.3155
13.1509,1.3155
13.1609,1.3155
13.1709,1.3155
13.1809,1.3155
13.1909,1.3155
13.2009,1.3155
13.2109,1.3155
13.2209,1.3155
13.2309,1.3155
13.2409,1.3155
13.2509,1.3155
13.2609,1.3155
13.2709,1.3155
13.2809,1.3155
13.2909,1.3155
13.3009,1.3155
13.3109,1.3155
13.3209,1.3155
13.3309,1.3155
13.3409,1.3155
13.3509,1.3155
13.3609,1.3155
13.3709,1.3155
13.3809,1.3155
13.3909,1.3155
13.4009,1.3155
13.4109,1.3155
13.4209,1.3155
13.4309,1.3155
13.4409,1.3155
13.4509,1.3155
13.4609,1.3155
13.4709,1.3155
13.4809,1.3155
13.4909,1.3155
13.5009,1.3155
13.5109,1.31546
13.5209,1.31531
13.5309,1.31495
13.5409,1.31437
13.5509,1.31365
13.5609,1.31289
13.5709,1.31218
13.5809,1.31152
13.5909,1.31091
13.6009,1.31031
13.6109,1.3097
13.6209,1.30907
13.6309,1.30843
13.6409,1.3078
13.6509,1.30717
13.6609,1.30654
13.6709,1.30592
13.6809,1.3053
13.6909,1.30468
13.7009,1.30406
13.7109,1.30344
13.7209,1.30282
13.7309,1.3022
13.7409,1.30158
13.7509,1.30096
13.7609,1.30033
13.7709,1.29971
13.7809,1.29909
13.7909,1.29847
13.8008,1.29785
13.8108,1.29723
13.8208,1.2966
13.8308,1.29598
13.8408,1.29536
13.8508,1.29474
13.8608,1.29412
13.8708,1.29349
13.8808,1.29287
13.8908,1.29225
13.9008,1.29163
13.9108,1.291
13.9208,1.29038
13.9308,1.28976
13.9408,1.28913
13.9508,1.28851
13.9608,1.28789
13.9708,1.28727
13.9808,1.28664
13.9908,1.28602
14.0008,1.2854
14.0108,1.28477
14.0208,1.28415
14.0308,1.28353
14.0408,1.2829
14.0508,1.28228
14.0608,1.28166
14.0708,1.28103
14.0808,1.28041
14.0908,1.27979
14.1008,1.27916
14.1108,1.27854
14.1208,1.27792
14.1308,1.27729
14.1408,1.27667
14.1508,1.27604
14.1608,1.27542
14.1708,1.2748
14.1808,1.27417
14.1908,1.27355
14.2008,1.27292
14.2108,1.2723
14.2208,1.27167
14.2308,1.27105
14.2408,1.27043
14.2508,1.2698
14.2608,1.26918
14.2708,1.26855
14.2808,1.26793
14.2908,1.2673
14.3008,1.26668
14.3108,1.26605
14.3208,1.26543
14.3308,1.2648
14.3408,1.26418
14.3508,1.26355
14.3608,1.26293
14.3708,1.2623
14.3808,1.26168
14.3908,1.26105
14.4008,1.26043
14.4108,1.2598
14.4208,1.25918
14.4308,1.25855
14.4408,1.25793
14.4508,1.2573
14.4608,1.25668
14.4708,1.25605
14.4808,1.25543
14.4908,1.2548
14.5008,1.25418
14.5108,1.25355
14.5208,1.25292
14.5308,1.2523
14.5408,1.25167
14.5508,1.25105
14.5608,1.25042
14.5708,1.2498
14.5808,1.24917
14.5908,1.24854
14.6008,1.24792
14.6108,1.24729
14.6208,1.24667
14.6308,1.24604
14.6408,1.24541
14.6508,1.24479
14.6608,1.24416
14.6708,1.24353
14.6808,1.24291
14.6908,1.24228
14.7008,1.24166
14.7108,1.24103
14.7208,1.2404
14.7308,1.23978
14.7408,1.23915
14.7508,1.23852
14.7608,1.2379
14.7708,1.23727
14.7808,1.23664
14.7908,1.23602
14.8008,1.23539
14.8108,1.23476
14.8208,1.23414
14.8308,1.23351
14.8408,1.23288
14.8508,1.23226
14.8608,1.23163
14.8708,1.231
14.8808,1.23037
14.8908,1.22975
14.9008,1.22912
14.9108,1.22849
14.9208,1.22787
14.9308,1.22724
14.9408,1.22661
14.9508,1.22598
14.9608,1.22536
14.9708,1.22473
14.9808,1.2241
14.9908,1.22348
15.0007,1.22285
15.0107,1.22222
15.0207,1.22159
15.0307,1.22097
15.0407,1.22034
15.0507,1.21971
15.0607,1.21908
15.0707,1.21846
15.0807,1.21783
15.0907,1.2172
15.1007,1.21657
15.1107,1.21594
15.1207,1.21532
15.1307,1.21469
15.1407,1.21406
15.1507,1.21343
15.1607,1.21281
15.1707,1.21218
15.1807,1.21155
15.1907,1.21092
15.2007,1.21029
15.2107,1.20967
15.2207,1.20904
15.2307,1.20841
15.2407,1.20778
15.2507,1.20715
15.2607,1.20652
15.2707,1.2059
15.2807,1.20527
15.2907,1.20464
15.3007,1.20401
15.3107,1.20338
15.3207,1.20275
15.3307,1.20213
15.3407,1.2015
15.3507,1.20087
15.3607,1.20024
15.3707,1.19961
15.3807,1.19898
15.3907,1.19836
15.4007,1.19773
15.4107,1.1971
15.4207,1.19647
15.4307,1.19584
15.4407,1.19521
15.4507,1.19458
15.4607,1.19395
15.4707,1.19333
15.4807,1.1927
15.4907,1.19207
15.5007,1.19144
15.5107,1.19081
15.5207,1.19018
15.5307,1.18955
15.5407,1.18892
15.5507,1.1883
15.5607,1.18767
15.5707,1.18704
15.5807,1.18641
15.5907,1.18578
15.6007,1.18515
15.6107,1.18452
15.6207,1.18389
15.6307,1.18326
15.6407,1.18263
15.6507,1.182
15.6607,1.18137
15.6707,1.18075
15.6807,1.18012
15.6907,1.17949
15.7007,1.17886
15.7107,1.17823
15.7207,1.1776
15.7307,1.17697
15.7407,1.17634
15.7507,1.17571
15.7607,1.17508
15.7707,1.17445
15.7807,1.17382
15.7907,1.17319
15.8007,1.17256
15.8107,1.17193
15.8207,1.1713
15.8307,1.17067
15.8407,1.17004
15.8507,1.16942
15.8607,1.16879
15.8707,1.16816
15.8807,1.16753
15.8907,1.1669
15.9007,1.16627
15.9107,1.16564
15.9207,1.16501
15.9307,1.16438
15.9407,1.16375
15.9507,1.16312
15.9607,1.16249
15.9707,1.16186
15.9807,1.16123
15.9907,1.1606
16.0007,1.15997
16.0107,1.15934
16.0207,1.15871
16.0307,1.15808
16.0407,1.15745
16.0507,1.15682
16.0607,1.15619
16.0707,1.15556
16.0807,1.15493
16.0907,1.1543
16.1007,1.15367
16.1107,1.15304
16.1207,1.15241
16.1307,1.15178
16.1407,1.15115
16.1507,1.15052
16.1607,1.14988
16.1707,1.14925
16.1807,1.14862
16.1907,1.14799
16.2006,1.14736
16.2106,1.14673
16.2206,1.1461
16.2306,1.14547
16.2406,1.14484
16.2506,1.14421
16.2606,1.14358
16.2706,1.14295
16.2806,1.14232
16.2906,1.14169
16.3006,1.14106
16.3106,1.14043
16.3206,1.1398
16.3306,1.13917
16.3406,1.13854
16.3506,1.1379
16.3606,1.13727
16.3706,1.13664
16.3806,1.13601
16.3906,1.13538
16.4006,1.13475
16.4106,1.13412
16.4206,1.13349
16.4306,1.13286
16.4406,1.13223
16.4506,1.1316
16.4606,1.13097
16.4706,1.13034
16.4806,1.1297
16.4906,1.12907
16.5006,1.12844
16.5106,1.12781
16.5206,1.12718
16.5306,1.12655
16.5406,1.12592
16.5506,1.12529
16.5606,1.12466
16.5706,1.12403
16.5806,1.12339
16.5906,1.12276
16.6006,1.12213
16.6106,1.1215
16.6206,1.12087
16.6306,1.12024
16.6406,1.11961
16.6506,1.11898
16.6606,1.11834
16.6706,1.11771
16.6806,1.11708
16.6906,1.11645
16.7006,1.11582
16.7106,1.11519
16.7206,1.11456
16.7306,1.11393
16.7406,1.11329
16.7506,1.11266
16.7606,1.11203
16.7706,1.1114
16.7806,1.11077
16.7906,1.11014
16.8006,1.10951
16.8106,1.10887
16.8206,1.10824
16.8306,1.10761
16.8406,1.10698
16.8506,1.10635
16.8606,1.10572
16.8706,1.10508
16.8806,1.10445
16.8906,1.10382
16.9006,1.10319
16.9106,1.10256
16.9206,1.10193
16.9306,1.10129
16.9406,1.10066
16.9506,1.10003
16.9606,1.0994
16.9706,1.09877
16.9806,1.09814
16.9906,1.0975
17.0006,1.09687
17.0106,1.09624
17.0206,1.09561
17.0306,1.09498
17.0406,1.09435
17.0506,1.09371
17.0606,1.09308
17.0706,1.09245
17.0806,1.09182
17.0906,1.09119
17.1006,1.09055
17.1106,1.08992
17.1206,1.08929
17.1306,1.08866
17.1406,1.08803
17.1506,1.08739
17.1606,1.08676
17.1706,1.08613
17.1806,1.0855
17.1906,1.08487
17.2006,1.08423
17.2106,1.0836
17.2206,1.08297
17.2306,1.08234
17.2406,1.0817
17.2506,1.08107
17.2606,1.08044
17.2706,1.07981
17.2806,1.07918
17.2906,1.07854
17.3006,1.07791
17.3106,1.07728
17.3206,1.07665
17.3306,1.07601
17.3406,1.07538
17.3506,1.07475
17.3606,1.07412
17.3706,1.07348
17.3806,1.07285
17.3906,1.07222
17.4005,1.07159
17.4105,1.07096
17.4205,1.07032
17.4305,1.06969
17.4405,1.06906
17.4505,1.06843
17.4605,1.06779
17.4705,1.06716
17.4805,1.06653
17.4905,1.0659
17.5005,1.06526
17.5105,1.06463
17.5205,1.064
17.5305,1.06337
17.5405,1.06273
17.5505,1.0621
17.5605,1.06147
17.5705,1.06083
17.5805,1.0602
17.5905,1.05957
17.6005,1.05894
17.6105,1.0583
17.6205,1.05767
17.6305,1.05704
17.6405,1.05641
17.6505,1.05577
17.6605,1.05514
17.6705,1.05451
17.6805,1.05387
17.6905,1.05324
17.7005,1.05261
17.7105,1.05198
17.7205,1.05134
17.7305,1.05071
17.7405,1.05008
17.7505,1.04944
17.7605,1.04881
17.7705,1.04818
17.7805,1.04755
17.7905,1.04691
17.8005,1.04628
17.8105,1.04565
17.8205,1.04501
17.8305,1.04438
17.8405,1.04375
17.8505,1.04311
17.8605,1.04248
17.8705,1.04185
17.8805,1.04122
17.8905,1.04058
17.9005,1.03995
17.9105,1.03932
17.9205,1.03868
17.9305,1.03805
17.9405,1.03742
17.9505,1.03678
17.9605,1.03615
17.9705,1.03552
17.9805,1.03488
17.9905,1.03425
18.0005,1.03362
18.0105,1.03298
18.0205,1.03235
18.0305,1.03172
18.0405,1.03108
18.0505,1.03045
18.0605,1.02982
18.0705,1.02918
18.0805,1.02855
18.0905,1.02792
18.1005,1.02728
18.1105,1.02665
18.1205,1.02602
18.1305,1.02538
18.1405,1.02475
18.1505,1.02412
18.1605,1.02348
18.1705,1.02285
18.1805,1.02222
18.1905,1.02158
18.2005,1.02095
18.2105,1.02032
18.2205,1.01968
18.2305,1.01905
18.2405,1.01841
18.2505,1.01778
18.2605,1.01715
18.2705,1.01651
18.2805,1.01588
18.2905,1.01525
18.3005,1.01461
18.3105,1.01398
18.3205,1.01334
18.3305,1.01271
18.3405,1.01208
18.3505,1.01144
18.3605,1.01081
18.3705,1.01018
18.3805,1.00954
18.3905,1.00891
18.4005,1.00827
18.4105,1.00764
18.4205,1.00701
18.4305,1.00637
18.4405,1.00574
18.4505,1.00511
18.4605,1.00447
18.4705,1.00384
18.4805,1.0032
18.4905,1.00257
18.5005,1.00194
18.5105,1.0013
18.5205,1.00067
18.5305,1.00003
18.5405,0.9994
18.5505,0.998766
18.5605,0.998132
18.5705,0.997498
18.5805,0.996864
18.5905,0.99623
18.6004,0.995595
18.6104,0.994961
18.6204,0.994327
18.6304,0.993693
18.6404,0.993059
18.6504,0.992425
18.6604,0.991791
18.6704,0.991156
18.6804,0.990522
18.6904,0.989888
18.7004,0.989254
18.7104,0.988619
18.7204,0.987985
18.7304,0.987351
18.7404,0.986717
18.7504,0.986082
18.7604,0.985448
18.7704,0.984814
18.7804,0.984179
18.7904,0.983545
18.8004,0.98291
18.8104,0.982276
18.8204,0.981642
18.8304,0.981007
18.8404,0.980373
18.8504,0.979738
18.8604,0.979104
18.8704,0.978469
18.8804,0.977835
18.8904,0.9772
18.9004,0.976566
18.9104,0.975931
18.9204,0.975297
18.9304,0.974662
18.9404,0.974027
18.9504,0.973393
18.9604,0.972758
18.9704,0.972123
18.9804,0.971489
18.9904,0.970854
19.0004,0.970219
19.0104,0.969585
19.0204,0.96895
19.0304,0.968315
19.0404,0.967681
19.0504,0.967046
19.0604,0.966411
19.0704,0.965776
19.0804,0.965141
19.0904,0.964507
19.1004,0.963872
19.1104,0.963237
19.1204,0.962602
19.1304,0.961967
19.1404,0.961332
19.1504,0.960697
19.1604,0.960062
19.1704,0.959427
19.1804,0.958792
19.1904,0.958157
19.2004,0.957522
19.2104,0.956887
19.2204,0.956252
19.2304,0.955617
19.2404,0.954982
19.2504,0.954347
19.2604,0.953712
19.2704,0.953077
19.2804,0.952442
19.2904,0.951807
19.3004,0.951172
19.3104,0.950536
19.3204,0.949901
19.3304,0.949266
19.3404,0.948631
19.3504,0.947995
19.3604,0.94736
19.3704,0.946725
19.3804,0.94609
19.3904,0.945454
19.4004,0.944819
19.4104,0.944184
19.4204,0.943548
19.4304,0.942913
19.4404,0.942278
19.4504,0.941642
19.4604,0.941007
19.4704,0.940371
19.4804,0.939736
19.4904,0.9391
19.5004,0.938465
19.5104,0.937829
19.5204,0.937194
19.5304,0.936558
19.5404,0.935923
19.5504,0.935287
19.5604,0.934651
19.5704,0.934016
19.5804,0.93338
19.5904,0.932744
19.6004,0.932109
19.6104,0.931473
19.6204,0.930837
19.6304,0.930202
19.6404,0.929566
19.6504,0.92893
19.6604,0.928294
19.6704,0.927659
19.6804,0.927023
19.6904,0.926387
19.7004,0.925751
19.7104,0.925115
19.7204,0.924479
19.7304,0.923843
19.7404,0.923207
19.7504,0.922571
19.7604,0.921935
19.7704,0.921299
19.7804,0.920663
19.7904,0.920027
19.8003,0.919391
19.8103,0.918755
19.8203,0.918119
19.8303,0.917483
19.8403,0.916847
19.8503,0.916211
19.8603,0.915575
19.8703,0.914938
19.8803,0.914302
19.8903,0.913666
19.9003,0.91303
19.9103,0.912393
19.9203,0.911757
19.9303,0.911121
19.9403,0.910484
19.9503,0.909848
19.9603,0.909212
19.9703,0.908575
19.9803,0.907939
19.9903,0.907302
20.0003,0.906666
20.0103,0.906029
20.0203,0.905393
20.0303,0.904756
20.0403,0.90412
20.0503,0.903483
20.0603,0.902846
20.0703,0.90221
20.0803,0.901573
20.0903,0.900936
20.1003,0.9003
20.1103,0.899663
20.1203,0.899026
20.1303,0.89839
20.1403,0.897753
20.1503,0.897116
20.1603,0.896479
20.1703,0.895842
20.1803,0.895205
20.1903,0.894568
20.2003,0.893931
20.2103,0.893294
20.2203,0.892658
20.2303,0.89202
20.2403,0.891383
20.2503,0.890746
20.2603,0.890109
20.2703,0.889472
20.2803,0.888835
20.2903,0.888198
20.3003,0.887561
20.3103,0.886923
20.3203,0.886286
20.3303,0.885649
20.3403,0.885012
20.3503,0.884374
20.3603,0.883737
20.3703,0.8831
20.3803,0.882462
20.3903,0.881825
20.4003,0.881187
20.4103,0.88055
20.4203,0.879912
20.4303,0.879275
20.4403,0.878637
20.4503,0.878
20.4603,0.877362
20.4703,0.876724
20.4803,0.876087
20.4903,0.875449
20.5003,0.874811
20.5103,0.874173
20.5203,0.873535
20.5303,0.872898
20.5403,0.87226
20.5503,0.871622
20.5603,0.870984
20.5703,0.870346
20.5803,0.869708
20.5903,0.86907
20.6003,0.868432
20.6103,0.867794
20.6203,0.867156
20.6303,0.866517
20.6403,0.865879
20.6503,0.865241
20.6603,0.864603
20.6703,0.863964
20.6803,0.863326
20.6903,0.862688
20.7003,0.862049
20.7103,0.861411
20.7203,0.860772
20.7303,0.860134
20.7403,0.859495
20.7503,0.858857
20.7603,0.858218
20.7703,0.85758
20.7803,0.856941
20.7903,0.856302
20.8003,0.855663
20.8103,0.855025
20.8203,0.854386
20.8303,0.853747
20.8403,0.853108
20.8503,0.852469
20.8603,0.85183
20.8703,0.851191
20.8803,0.850552
20.8903,0.849913
20.9003,0.849274
20.9103,0.848634
20.9203,0.847995
20.9303,0.847356
20.9403,0.846716
20.9503,0.846077
20.9603,0.845438
20.9703,0.844798
20.9803,0.844159
20.9903,0.843519
21.0002,0.84288
21.0102,0.842276
21.0202,0.841774
21.0302,0.841453
21.0402,0.841336
21.0502,0.84133
21.0602,0.841334
21.0702,0.841245
21.0802,0.841098
21.0902,0.840973
21.1002,0.840938
21.1102,0.840985
21.1202,0.841046
21.1302,0.841066
21.1402,0.841031
21.1502,0.840978
21.1602,0.840951
21.1702,0.840952
21.1802,0.840974
21.1902,0.840986
21.2002,0.840986
21.2102,0.84098
21.2202,0.840976
21.2302,0.840975
21.2402,0.840976
21.2502,0.840976
21.2602,0.840975
21.2702,0.840975
21.2802,0.840975
21.2902,0.840975
21.3002,0.840975
21.3102,0.840975
21.3202,0.840975
21.3302,0.840975
21.3402,0.840975
21.3502,0.840975
21.3602,0.840975
21.3702,0.840975
21.3802,0.840975
21.3902,0.840975
21.4002,0.840975
21.4102,0.840975
21.4202,0.840975
21.4302,0.840975
21.4402,0.840975
21.4502,0.840975
21.4602,0.840975
21.4702,0.840975
21.4802,0.840975
21.4902,0.840975
21.5002,0.840975
21.5102,0.840975
21.5202,0.840975
21.5302,0.840975
21.5402,0.840975
21.5502,0.840975
21.5602,0.840975
21.5702,0.840975
21.5802,0.840975
21.5902,0.840975
21.6002,0.840975
21.6102,0.840975
21.6202,0.840975
21.6302,0.840975
21.6402,0.840975
21.6502,0.840975
21.6602,0.840975
21.6702,0.840975
21.6802,0.840975
21.6902,0.840975
21.7002,0.840975
21.7102,0.840975
21.7202,0.840975
21.7302,0.840975
21.7402,0.840975
21.7502,0.840975
21.7602,0.840975
21.7702,0.840975
21.7802,0.840975
21.7902,0.840975
21.8002,0.840975
21.8102,0.840975
21.8202,0.840975
21.8302,0.840975
21.8402,0.840975
21.8502,0.840975
21.8602,0.840975
21.8702,0.840975
21.8802,0.840975
21.8902,0.840975
21.9002,0.840975
21.9102,0.840975
21.9202,0.840975
21.9302,0.840975
21.9402,0.840975
21.9502,0.840975
21.9602,0.840975
21.9702,0.840975
21.9802,0.840975
21.9902,0.840975
22.0002,0.840975
22.0102,0.840975
22.0202,0.840975
22.0302,0.840975
22.0402,0.840975
22.0502,0.840975
22.0602,0.840975
22.0702,0.840975
22.0802,0.840975
22.0902,0.840975
22.1002,0.840975
22.1102,0.840975
22.1202,0.840975
22.1302,0.840975
22.1402,0.840975
22.1502,0.840975
22.1602,0.840975
22.1702,0.840975
22.1802,0.840975
22.1902,0.840975
22.2001,0.840975
22.2101,0.840975
22.2201,0.840975
22.2301,0.840975
22.2401,0.840975
22.2501,0.840975
22.2601,0.840975
22.2701,0.840975
22.2801,0.840975
22.2901,0.840975
22.3001,0.840975
22.3101,0.840975
22.3201,0.840975
22.3301,0.840975
22.3401,0.840975
22.3501,0.840975
22.3601,0.840975
22.3701,0.840975
22.3801,0.840975
22.3901,0.840975
22.4001,0.840975
22.4101,0.840975
22.4201,0.840975
22.4301,0.840975
22.4401,0.840975
22.4501,0.840975
22.4601,0.840975
22.4701,0.840975
22.4801,0.840975
22.4901,0.840975
22.5001,0.840975
22.5101,0.840975
22.5201,0.840975
22.5301,0.840975
22.5401,0.840975
22.5501,0.840975
22.5601,0.840975
22.5701,0.840975
22.5801,0.840975
22.5901,0.840975
22.6001,0.840975
22.6101,0.840975
22.6201,0.840975
22.6301,0.840975
22.6401,0.840975
22.6501,0.840975
22.6601,0.840975
22.6701,0.840975
22.6801,0.840975
22.6901,0.840975
22.7001,0.840975
22.7101,0.840975
22.7201,0.840975
22.7301,0.840975
22.7401,0.840975
22.7501,0.840975
22.7601,0.840975
22.7701,0.840975
22.7801,0.840975
22.7901,0.840975
22.8001,0.840975
22.8101,0.840975
22.8201,0.840975
22.8301,0.840975
22.8401,0.840975
22.8501,0.840975
22.8601,0.840975
22.8701,0.840975
22.8801,0.840975
22.8901,0.840975
22.9001,0.840975
22.9101,0.840975
22.9201,0.840975
22.9301,0.840975
22.9401,0.840975
22.9501,0.840975
22.9601,0.840975
22.9701,0.840975
22.9801,0.840975
22.9901,0.840975
23.0001,0.840975
23.0101,0.840975
23.0201,0.840975
23.0301,0.840975
23.0401,0.840975
23.0501,0.840975
23.0601,0.840975
23.0701,0.840975
23.0801,0.840975
23.0901,0.840975
23.1001,0.840975
23.1101,0.840975
23.1201,0.840975
23.1301,0.840975
23.1401,0.840975
23.1501,0.840975
23.1601,0.840975
23.1701,0.840975
23.1801,0.840975
23.1901,0.840975
23.2001,0.840975
23.2101,0.840975
23.2201,0.840975
23.2301,0.840975
23.2401,0.840975
23.2501,0.840975
23.2601,0.840975
23.2701,0.840975
23.2801,0.840975
23.2901,0.840975
23.3001,0.840975
23.3101,0.840975
23.3201,0.840975
23.3301,0.840975
23.3401,0.840975
23.3501,0.840975
23.3601,0.840975
23.3701,0.840975
23.3801,0.840975
23.3901,0.840975
23.4,0.840975
23.41,0.840975
23.42,0.840975
23.43,0.840975
23.44,0.840975
23.45,0.840975
23.46,0.840975
23.47,0.840975
23.48,0.840975
23.49,0.840975
23.5,0.840975
23.51,0.840975
23.52,0.840975
23.53,0.840975
23.54,0.840975
23.55,0.840975
23.56,0.840975
23.57,0.840975
23.58,0.840975
23.59,0.840975
23.6,0.840975
23.61,0.840975
23.62,0.840975
23.63,0.840975
23.64,0.840975
23.65,0.840975
23.66,0.840975
23.67,0.840975
23.68,0.840975
23.69,0.840975
23.7,0.840975
23.71,0.840975
23.72,0.840975
23.73,0.840975
23.74,0.840975
23.75,0.840975
23.76,0.840975
23.77,0.840975
23.78,0.840975
23.79,0.840975
23.8,0.840975
23.81,0.840975
23.82,0.840975
23.83,0.840975
23.84,0.840975
23.85,0.840975
23.86,0.840975
23.87,0.840975
23.88,0.840975
23.89,0.840975
23.9,0.840975
23.91,0.840975
23.92,0.840975
23.93,0.840975
23.94,0.840975
23.95,0.840975
23.96,0.840975
23.97,0.840975
23.98,0.840975
23.99,0.840975
24,0.840975
