#Exudyn implicit second order time integration sensor output file
#measure Object number = 6
#OutputVariableType = Force
#simulation started = 2023-06-08,09:04:37
#columns contain: time, comma separated sensor values (e.g, x,y,z position coordinates)
#number of sensor values = 3
#Exudyn version = 1.6.119.dev1; Python3.8.13; Linux FLOAT64
#
0,362.846,-7508.33,-5.64043e-14
0.0109991,307.977,-6376.45,-0.00045441
0.0209983,280.121,-5802.05,-0.000405916
0.0309974,259.769,-5381.71,-6.3423e-05
0.0409966,253.451,-5251.26,-0.000308443
0.0509958,268.469,-5561.38,-0.000156531
0.0609949,293.154,-6070.83,-0.000438795
0.0709941,300.483,-6222.06,-0.000314309
0.0809933,290.221,-6010.39,-0.000638441
0.0909924,277.751,-5753.05,-0.000283312
0.100992,269.445,-5581.57,-0.000582969
0.110991,269.915,-5591.26,-0.000280236
0.12099,276.558,-5728.37,-0.00049927
0.130989,283.638,-5874.52,-0.000188083
0.140988,287.124,-5946.46,-0.000433819
0.150987,286.819,-5940.15,-3.60634e-05
0.160987,284.382,-5889.88,-0.000439128
0.170986,281.805,-5836.68,-0.000117879
0.180985,280.65,-5812.84,-0.000436215
0.190984,280.604,-5811.89,-0.000268465
0.200983,281.036,-5820.8,-0.000658197
0.210982,281.486,-5830.09,-0.000234549
0.220982,281.676,-5834.01,-0.000652567
0.230981,281.66,-5833.69,-0.000331386
0.24098,281.592,-5832.28,-0.000474937
0.250979,281.541,-5831.23,-0.000106635
0.260978,281.528,-5830.96,-0.000512544
0.270977,281.542,-5831.26,-2.9289e-05
0.280977,281.546,-5831.34,-0.000341369
0.290976,281.542,-5831.25,-0.000191204
0.300975,281.536,-5831.12,-0.000517485
0.310974,281.534,-5831.09,-0.000155206
0.320973,281.538,-5831.17,-0.000664357
0.330972,281.547,-5831.36,-0.000359764
0.340972,281.555,-5831.52,-0.000550752
0.350971,281.558,-5831.58,-0.000281815
0.36097,281.556,-5831.54,-0.000571643
0.370969,281.551,-5831.44,-0.00010234
0.380968,281.545,-5831.31,-0.000392453
0.390967,281.54,-5831.22,-0.000127152
0.400967,281.539,-5831.18,-0.0003579
0.410966,281.541,-5831.23,-0.000140099
0.420965,281.544,-5831.29,-0.000501783
0.430964,281.548,-5831.38,-0.000259267
0.440963,281.55,-5831.43,-0.000587063
0.450962,281.551,-5831.44,-0.000373868
0.460962,281.549,-5831.4,-0.000548411
0.470961,281.547,-5831.36,-0.000320755
0.48096,281.545,-5831.31,-0.000497491
0.490959,281.543,-5831.28,-0.00014892
0.500958,281.543,-5831.28,-0.000343282
0.510957,281.544,-5831.3,-0.000197908
0.520957,281.546,-5831.33,-0.000284851
0.530956,281.547,-5831.36,-0.000175418
0.540955,281.548,-5831.37,-0.000504309
0.550954,281.548,-5831.38,-0.000324151
0.560953,281.547,-5831.36,-0.000451537
0.570952,281.546,-5831.34,-0.000497299
0.580952,281.545,-5831.32,-0.000529851
0.590951,281.545,-5831.31,-0.000278883
0.60095,281.545,-5831.32,-0.000438944
0.610949,281.545,-5831.33,-0.000315185
0.620948,281.546,-5831.34,-0.00018511
0.630947,281.547,-5831.35,-0.000217708
0.640947,281.547,-5831.35,-0.00033463
0.650946,281.547,-5831.35,-0.000231718
0.660945,281.546,-5831.35,-0.000330688
0.670944,281.546,-5831.33,-0.000491571
0.680943,281.546,-5831.33,-0.000429228
0.690942,281.546,-5831.33,-0.000456791
0.700942,281.546,-5831.33,-0.000475542
0.710941,281.546,-5831.33,-0.000442146
0.72094,281.546,-5831.34,-0.000277113
0.730939,281.546,-5831.34,-0.000353341
0.740938,281.546,-5831.35,-0.000193881
0.750937,281.546,-5831.34,-0.000267945
0.760937,281.546,-5831.34,-0.000211558
0.770936,281.546,-5831.33,-0.000356585
0.780935,281.546,-5831.34,-0.000273269
0.790934,281.546,-5831.33,-0.000542504
0.800933,281.546,-5831.34,-0.000360985
0.810932,281.546,-5831.34,-0.000533564
0.820932,281.546,-5831.34,-0.000416645
0.830931,281.546,-5831.34,-0.000496343
0.84093,281.546,-5831.34,-0.000172317
0.850929,281.546,-5831.33,-0.000452954
0.860928,281.546,-5831.34,-0.000146531
0.870927,281.546,-5831.34,-0.000266525
0.880927,281.546,-5831.34,-0.000169712
0.890926,281.546,-5831.33,-0.000493676
0.900925,281.546,-5831.34,-0.000153679
0.910924,281.546,-5831.34,-0.000564125
0.920923,281.546,-5831.34,-0.000411668
0.930922,281.546,-5831.34,-0.000564256
0.940922,281.546,-5831.34,-0.000260417
0.950921,281.546,-5831.33,-0.00063141
0.96092,281.546,-5831.34,-0.000167117
0.970919,281.546,-5831.34,-0.000364612
0.980918,281.546,-5831.34,-0.000138888
0.990917,281.546,-5831.33,-0.000410668
1.00092,281.546,-5831.34,-3.21879e-05
1.01092,281.546,-5831.34,-0.000503802
1.02091,281.546,-5831.34,-0.000241795
1.03091,281.546,-5831.34,-0.000554884
1.04091,281.546,-5831.34,-0.000314078
1.05091,281.546,-5831.33,-0.00066624
1.06091,281.546,-5831.34,-0.000250054
1.07091,281.546,-5831.33,-0.000575373
1.08091,281.546,-5831.34,-0.000167678
1.09091,281.546,-5831.34,-0.000413074
1.10091,281.546,-5831.34,-9.44208e-05
1.11091,281.546,-5831.34,-0.000405623
1.12091,281.546,-5831.34,-5.24593e-05
1.13091,281.546,-5831.33,-0.000518017
1.1409,281.546,-5831.34,-0.000239827
1.1509,281.546,-5831.34,-0.000538842
1.1609,281.546,-5831.34,-0.000333952
1.1709,281.546,-5831.33,-0.000687687
1.1809,281.546,-5831.34,-0.000218781
1.1909,281.546,-5831.34,-0.000530347
1.2009,281.546,-5831.34,-0.00025349
1.2109,281.546,-5831.34,-0.000368178
1.2209,281.546,-5831.34,-3.52773e-05
1.2309,281.546,-5831.33,-0.000464137
1.2409,281.546,-5831.34,-0.000119798
1.2509,281.546,-5831.34,-0.000375141
1.26089,281.546,-5831.34,-0.000323013
1.27089,281.546,-5831.34,-0.000601731
1.28089,281.546,-5831.34,-0.000265794
1.29089,281.546,-5831.34,-0.00062081
1.30089,281.546,-5831.34,-0.000379802
1.31089,281.546,-5831.34,-0.000426396
1.32089,281.546,-5831.34,-0.000211127
1.33089,281.546,-5831.34,-0.000414365
1.34089,281.546,-5831.34,-0.000104706
1.35089,281.546,-5831.34,-0.000308405
1.36089,281.546,-5831.34,-0.000223708
1.37089,281.546,-5831.34,-0.000389943
1.38088,281.546,-5831.34,-0.000311628
1.39088,281.546,-5831.34,-0.000532864
1.40088,281.546,-5831.34,-0.000398171
1.41088,281.546,-5831.34,-0.000525786
1.42088,281.546,-5831.34,-0.000409114
1.43088,281.546,-5831.34,-0.000385579
1.44088,281.546,-5831.34,-0.000277131
1.45088,281.546,-5831.34,-0.00033158
1.46088,281.546,-5831.34,-0.000166334
1.47088,281.546,-5831.34,-0.000235081
1.48088,281.546,-5831.34,-0.000334298
1.49088,281.546,-5831.34,-0.000305516
1.50087,281.546,-5831.34,-0.000347044
1.51087,281.546,-5831.34,-0.000521634
1.52087,281.546,-5831.34,-0.000489215
1.53087,281.546,-5831.34,-0.000363344
1.54087,281.546,-5831.33,-0.000520472
1.55087,281.546,-5831.34,-0.00037509
1.56087,281.546,-5831.34,-0.000254192
1.57087,281.546,-5831.34,-0.000234774
1.58087,281.546,-5831.33,-0.000352366
1.59087,281.546,-5831.34,-0.000110437
1.60087,281.546,-5831.34,-0.000328099
1.61087,281.546,-5831.34,-0.000346922
1.62086,281.546,-5831.34,-0.000443807
1.63086,281.546,-5831.34,-0.000330183
1.64086,281.546,-5831.33,-0.000622842
1.65086,281.546,-5831.34,-0.000370348
1.66086,281.546,-5831.34,-0.000475254
1.67086,281.546,-5831.34,-0.000296876
1.68086,281.546,-5831.33,-0.000416494
1.69086,281.546,-5831.34,-0.000106683
1.70086,281.546,-5831.34,-0.00036827
1.71086,281.546,-5831.34,-0.000123593
1.72086,281.546,-5831.34,-0.000390428
1.73086,281.546,-5831.34,-0.000244278
1.74085,281.546,-5831.34,-0.000530929
1.75085,281.546,-5831.34,-0.000297008
1.76085,281.546,-5831.33,-0.000662775
1.77085,281.546,-5831.34,-0.000304772
1.78085,281.546,-5831.34,-0.000521832
1.79085,281.546,-5831.34,-0.000265088
1.80085,281.546,-5831.34,-0.000452704
1.81085,281.546,-5831.34,-2.21458e-05
1.82085,281.546,-5831.33,-0.000436377
1.83085,281.546,-5831.34,-0.000126656
1.84085,281.546,-5831.34,-0.000369549
1.85085,281.546,-5831.34,-0.000205392
1.86084,281.546,-5831.33,-0.000654548
1.87084,281.546,-5831.34,-0.000226269
1.88084,281.546,-5831.34,-0.000615531
1.89084,281.546,-5831.34,-0.000381889
1.90084,281.546,-5831.34,-0.000548441
1.91084,281.546,-5831.34,-0.000120081
1.92084,281.546,-5831.33,-0.000533761
1.93084,281.546,-5831.34,-8.37494e-05
1.94084,281.546,-5831.34,-0.000322884
1.95084,281.546,-5831.34,-0.000128281
1.96084,281.546,-5831.33,-0.000492994
1.97084,281.546,-5831.34,-0.000133701
1.98083,281.546,-5831.34,-0.000600643
1.99083,281.546,-5831.34,-0.000336239
2.00083,284.31,-5888.59,-0.00060558
2.01083,525.498,-10891.1,-0.00101448
2.02083,891.211,-18534.1,-0.00430564
2.03083,1046.75,-21961.8,-0.00458728
2.04083,854.288,-18207.3,-0.00383497
2.05083,451.042,-9819.97,-0.000478754
2.06083,94.9357,-2116.17,-1.20213e-05
2.07083,-28.2939,644.961,-3.72272e-05
2.08083,94.6277,-2199.91,-5.07863e-05
2.09083,328.479,-7774.74,-0.000324852
2.10082,495.85,-11956.9,-0.00196245
2.11082,495.782,-12213.9,-0.00159681
2.12082,355.111,-8966.02,-0.00101376
2.13082,184.048,-4771.37,-0.000174587
2.14082,89.3921,-2379.08,-0.000129071
2.15082,109.69,-2992.3,4.40306e-05
2.16082,204,-5696.1,-0.000257935
2.17082,292.994,-8372.89,-0.000540236
2.18082,316.76,-9277.32,-0.000757712
2.19082,269.143,-8095.77,-0.00023352
2.20082,191.863,-5936.8,-0.000430615
2.21082,137.28,-4371.67,-0.000133115
2.22081,131.765,-4316.1,-0.000171407
2.23081,164.906,-5552.51,-0.000349036
2.24081,203.193,-7032.93,-0.000759613
2.25081,216.36,-7705.88,-0.000521104
2.26081,197.43,-7247.19,-0.000575379
2.27081,162.607,-6160.71,-0.000348
2.28081,134.748,-5273.42,-0.000168094
2.29081,127.629,-5160.13,-6.55281e-05
2.30081,137.789,-5755.38,-0.000229665
2.31081,150.887,-6514.18,-0.000274515
2.32081,153.991,-6879.13,-0.00036968
2.33081,143.556,-6645.92,-0.00043318
2.3408,126.435,-6075.06,-0.000407194
2.3508,112.754,-5629.18,-0.000397581
2.3608,107.723,-5592.2,-0.000365178
2.3708,109.631,-5922.31,-0.000395114
2.3808,112.206,-6314.41,-0.000389306
2.3908,109.939,-6455.47,-0.000419098
2.4008,102.297,-6279.87,-0.000162457
2.4108,92.5967,-5954.52,-0.000247542
2.4208,84.927,-5731.18,-0.000189593
2.4308,81.2488,-5763.46,-0.000201745
2.4408,80.0449,-5979.51,-0.000170106
2.4508,78.4759,-6187.69,-0.000546299
2.46079,74.6992,-6234.5,-0.000328834
2.47079,68.733,-6092.2,-0.000437077
2.48079,62.3414,-5888.88,-0.00042109
2.49079,57.1716,-5776.49,-0.000497328
2.50079,53.5394,-5808.93,-0.000122352
2.51079,50.763,-5941.27,-0.000418297
2.52079,47.6826,-6053.33,-0.000212588
2.53079,43.7045,-6058.78,-0.000225304
2.54079,39.1584,-5975.58,-5.65672e-05
2.55079,34.6127,-5869.44,-0.000430572
2.56079,30.523,-5817.06,-0.000106589
2.57079,26.9043,-5843.7,-0.00039293
2.58078,23.3932,-5897.33,-0.000333052
2.59078,19.7659,-5927.93,-0.000567485
2.60078,15.9925,-5909.86,-0.000217103
2.61078,12.1921,-5856.26,-0.000547006
2.62078,8.51433,-5820.79,-0.000206571
2.63078,4.94433,-5823.07,-0.000364208
2.64078,1.40892,-5850.08,-6.55699e-05
2.65078,-2.13,-5875.99,-0.000345984
2.66078,-5.6394,-5864.16,-3.08717e-05
2.67078,-9.06318,-5821.88,-0.000374487
2.68078,-12.411,-5779.88,-9.66053e-05
2.69078,-15.7348,-5757.52,-0.000477478
2.70077,-19.1222,-5771.28,-0.00025675
2.71077,-22.5571,-5800.41,-0.000523757
2.72077,-25.9352,-5814.94,-0.000219197
2.73077,-29.2075,-5809.91,-0.000587157
2.74077,-32.3262,-5782.54,-0.000131076
2.75077,-35.3744,-5752.75,-0.000333031
2.76077,-38.4727,-5739.34,-0.000106213
2.77077,-41.5922,-5734.44,-0.000351103
2.78077,-44.7382,-5736.91,7.19207e-05
2.79077,-47.8336,-5735.88,-0.000396092
2.80077,-50.8169,-5724.96,-0.00019049
2.81077,-53.8092,-5718.79,-0.00038384
2.82076,-56.8013,-5715.66,-0.000194728
2.83076,-59.8042,-5716.16,-0.000640357
2.84076,-62.8099,-5719.02,-0.000191993
2.85076,-65.6486,-5709.02,-0.000414427
2.86076,-68.3762,-5692.5,-0.000239076
2.87076,-71.048,-5674.66,-0.000374119
2.88076,-73.7014,-5658.52,3.98131e-05
2.89076,-76.507,-5656.57,-0.000338173
2.90076,-79.3609,-5659.81,-8.61088e-05
2.91076,-82.1917,-5662.75,-0.00026324
2.92076,-84.9946,-5665.08,-0.000142017
2.93076,-87.6238,-5657.39,-0.000479992
2.94075,-90.201,-5648.23,-0.000216347
2.95075,-92.7562,-5639.56,-0.000470969
2.96075,-95.2324,-5627.94,-0.000281506
2.97075,-97.7538,-5620.77,-0.000426055
2.98075,-100.211,-5611.54,-0.000171757
2.99075,-102.642,-5602.48,-0.00030119
3.00075,-105.163,-5599.75,-7.80245e-05
3.01075,-107.655,-5596.68,-0.00025929
3.02075,-110.212,-5598.06,-7.63341e-05
3.03075,-112.746,-5599.27,-0.000239808
3.04075,-115.122,-5593.64,-0.000225696
3.05075,-117.46,-5587.41,-0.000390899
3.06074,-119.662,-5575.96,-0.000224925
3.07074,-121.824,-5564.04,-0.000440532
3.08074,-124.067,-5557.07,-0.000365383
3.09074,-126.263,-5549.15,-0.000280025
3.10074,-128.545,-5546.04,-0.000199427
3.11074,-130.841,-5544.42,-0.000327495
3.12074,-133.073,-5540.93,-9.00266e-05
3.13074,-135.369,-5540.99,-9.68189e-05
3.14074,-137.561,-5537.58,-0.000235878
3.15074,-139.696,-5532.75,-0.000213281
3.16074,-141.804,-5527.7,-0.000150589
3.17074,-143.751,-5517.32,-0.000356533
3.18073,-145.73,-5509.12,-0.000399353
3.19073,-147.694,-5501.24,-0.000256465
3.20073,-149.647,-5493.88,-0.00035759
3.21073,-151.731,-5492.08,-0.000344513
3.22073,-153.761,-5489.04,-0.000223994
3.23073,-155.817,-5487.57,-0.000123272
3.24073,-157.871,-5486.69,-0.000245096
3.25073,-159.789,-5481.72,-8.90135e-05
3.26073,-161.73,-5478.23,-0.000163825
3.27073,-163.564,-5471.81,-0.000164558
3.28073,-165.324,-5463.65,-0.00031404
3.29073,-167.129,-5457.68,-0.000216879
3.30072,-168.84,-5449.36,-0.000401339
3.31072,-170.629,-5444.22,-0.000266652
3.32072,-172.457,-5440.97,-0.00040742
3.33072,-174.249,-5437.12,-0.000210775
3.34072,-176.134,-5436.77,-0.000281054
3.35072,-177.925,-5433.99,-0.000101436
3.36072,-179.676,-5430.58,-0.000273435
3.37072,-181.42,-5427.46,1.41381e-05
3.38072,-183.015,-5420.47,-0.000236605
3.39072,-184.643,-5415.03,-0.000157802
3.40072,-186.216,-5408.53,-0.000310557
3.41072,-187.747,-5401.4,-0.000127056
3.42071,-189.371,-5397.49,-0.000514519
3.43071,-190.933,-5392.32,-0.000219614
3.44071,-192.563,-5389.57,-0.000341672
3.45071,-194.219,-5388,-0.000201101
3.46071,-195.789,-5384.51,-0.000391394
3.47071,-197.413,-5382.93,4.64895e-05
3.48071,-198.924,-5378.75,-0.000263127
3.49071,-200.385,-5373.64,-8.1559e-05
3.50071,-201.854,-5369.24,-0.000218449
3.51071,-203.207,-5362.22,-1.28927e-05
3.52071,-204.621,-5357.28,-0.000449865
3.53071,-206.016,-5352.29,-0.000140692
3.5407,-207.387,-5347.14,-0.00038607
3.5507,-208.857,-5344.94,-0.000234416
3.5607,-210.255,-5341.31,-0.000453904
3.5707,-211.692,-5339.06,-7.0031e-05
3.5807,-213.124,-5337.06,-0.000351651
3.5907,-214.452,-5332.83,-4.56351e-05
3.6007,-215.818,-5329.95,-0.00023916
3.6107,-217.08,-5324.89,1.48462e-05
3.6207,-218.312,-5319.49,-0.000279311
3.6307,-219.575,-5315.23,-5.27818e-05
3.6407,-220.75,-5309.25,-0.000376237
3.6507,-222.003,-5305.51,-0.000130521
3.66069,-223.242,-5301.79,-0.000431299
3.67069,-224.462,-5298,-0.000220532
3.68069,-225.756,-5296.28,-0.000387417
3.69069,-226.962,-5292.85,-8.60324e-05
3.70069,-228.191,-5290.29,-0.000365547
3.71069,-229.394,-5287.44,-3.02106e-05
3.72069,-230.501,-5282.71,-0.000166478
3.73069,-231.649,-5279.29,-4.50017e-05
3.74069,-232.709,-5274.18,-0.00029617
3.75069,-233.769,-5269.4,5.2661e-06
3.76069,-234.861,-5265.68,-0.000338699
3.77069,-235.887,-5260.81,-0.000256636
3.78068,-236.993,-5258.02,-0.000337662
3.79068,-238.067,-5254.85,-0.000161076
3.80068,-239.125,-5251.62,-0.000453807
3.81068,-240.231,-5249.74,-0.000126952
3.82068,-241.242,-5246.07,-0.000187845
3.83068,-242.276,-5243.19,-0.000119906
3.84068,-243.269,-5239.72,-0.000212514
3.85068,-244.193,-5235.07,3.20526e-05
3.86068,-245.162,-5231.66,-0.000223793
3.87068,-246.052,-5226.87,-0.000163986
3.88068,-246.967,-5222.9,-0.000242119
3.89068,-247.904,-5219.66,-0.000204815
3.90067,-248.787,-5215.57,-0.000378676
3.91067,-249.74,-5213.23,-0.000233794
3.92067,-250.645,-5210.14,-0.00028459
3.93067,-251.543,-5207.16,-0.000195579
3.94067,-252.461,-5204.87,-0.000200603
3.95067,-253.291,-5201.02,-0.000101696
3.96067,-254.152,-5198.06,-0.000120304
3.97067,-254.962,-5194.32,-7.92275e-05
3.98067,-255.732,-5190.03,-0.000167876
3.99067,-256.542,-5186.81,-0.000173531
4.00067,-257.284,-5182.46,-0.00018633
4.01067,-258.066,-5179.17,-0.000294857
4.02066,-258.847,-5176.11,-0.000310511
4.03066,-259.592,-5172.56,-0.000231513
4.04066,-260.392,-5170.36,-0.000237245
4.05066,-261.13,-5167.14,-0.000296775
4.06066,-261.874,-5164.3,-7.74597e-05
4.07066,-262.617,-5161.66,-0.000111458
4.08066,-263.287,-5157.82,-0.000145605
4.09066,-263.992,-5154.91,-0.000125207
4.10066,-264.64,-5151.1,-1.37543e-05
4.11066,-265.277,-5147.31,-0.0002894
4.12066,-265.94,-5144.24,-0.000197554
4.13066,-266.544,-5140.28,-0.000234732
4.14065,-267.196,-5137.45,-0.000240011
4.15065,-267.825,-5134.41,-0.000396007
4.16065,-268.436,-5131.24,-0.000110738
4.17065,-269.083,-5128.95,-0.000249188
4.18065,-269.665,-5125.65,-0.000135078
4.19065,-270.268,-5122.96,-0.000166529
4.20065,-270.846,-5120.02,3.06841e-05
4.21065,-271.376,-5116.36,-0.000227624
4.22065,-271.939,-5113.53,-4.47446e-05
4.23065,-272.441,-5109.78,-0.000233245
4.24065,-272.955,-5106.45,-0.00013725
4.25065,-273.474,-5103.42,-0.000361294
4.26064,-273.952,-5099.83,-0.000160501
4.27064,-274.474,-5097.25,-0.000365772
4.28064,-274.958,-5094.15,-0.000113119
4.29064,-275.441,-5091.26,-0.000300928
4.30064,-275.939,-5088.82,-4.38884e-05
4.31064,-276.38,-5085.53,-0.000179768
4.32064,-276.848,-5082.92,2.2488e-05
4.33064,-277.276,-5079.79,-0.000254199
4.34064,-277.683,-5076.44,2.71051e-05
4.35064,-278.107,-5073.61,-0.000261772
4.36064,-278.478,-5069.98,-0.000161518
4.37064,-278.875,-5067.02,-0.000352443
4.38063,-279.257,-5063.98,-8.15292e-05
4.39063,-279.615,-5060.69,-0.000427722
4.40063,-280.007,-5058.2,-0.000125129
4.41063,-280.355,-5055.08,-0.000213984
4.42063,-280.716,-5052.39,-3.18504e-05
4.43063,-281.07,-5049.75,-0.000279629
4.44063,-281.385,-5046.58,0.000105038
4.45063,-281.724,-5044.01,-0.000191201
4.46063,-282.016,-5040.78,-8.57677e-05
4.47063,-282.306,-5037.7,-0.000254038
4.48063,-282.599,-5034.85,-4.37209e-05
4.49063,-282.851,-5031.42,-0.000420798
4.50062,-283.131,-5028.68,-0.000146908
4.51062,-283.382,-5025.59,-0.000296719
4.52062,-283.629,-5022.6,-0.000125768
4.53062,-283.892,-5020.05,-0.000297255
4.54062,-284.114,-5016.95,2.31334e-05
4.55062,-284.358,-5014.4,-0.000193121
4.56062,-284.577,-5011.6,5.30999e-06
4.57062,-284.776,-5008.58,-0.000181128
4.58062,-284.989,-5005.98,-2.25233e-05
4.59062,-285.157,-5002.76,-0.000259772
4.60062,-285.338,-4999.91,-0.000119173
4.61062,-285.503,-4996.97,-0.000340807
4.62061,-285.645,-4993.77,-0.000144158
4.63061,-285.809,-4991.12,-0.000301536
4.64061,-285.939,-4988.02,-0.000153484
4.65061,-286.078,-4985.25,-0.000219583
4.66061,-286.215,-4982.6,4.7377e-06
4.67061,-286.322,-4979.59,-0.000191358
4.68061,-286.45,-4977.08,-2.92632e-05
4.69061,-286.544,-4974.15,-8.33993e-05
4.70061,-286.635,-4971.31,-8.48548e-05
4.71061,-286.726,-4968.63,-0.000277615
4.72061,-286.782,-4965.49,-9.12091e-05
4.73061,-286.853,-4962.77,-0.000260636
4.7406,-286.9,-4959.78,-0.000276505
4.7506,-286.939,-4956.79,-0.000224085
4.7606,-286.987,-4954.13,-9.81157e-05
4.7706,-287.004,-4951.06,-0.000242521
4.7806,-287.037,-4948.43,-8.25313e-05
4.7906,-287.054,-4945.66,-2.58043e-05
4.8006,-287.055,-4942.76,-8.91935e-05
4.8106,-287.068,-4940.22,-0.000136106
4.8206,-287.048,-4937.26,-5.6038e-05
4.8306,-287.034,-4934.54,-0.0001667
4.8406,-287.008,-4931.75,-0.000248395
4.8506,-286.96,-4928.73,-0.000196543
4.86059,-286.924,-4926.07,-0.000219804
4.87059,-286.86,-4923.05,-0.000228927
4.88059,-286.798,-4920.22,-0.000191833
4.89059,-286.734,-4917.5,-9.60065e-05
4.90059,-286.647,-4914.52,-0.000126066
4.91059,-286.575,-4911.92,-3.84839e-05
4.92059,-286.479,-4909.06,-0.000103637
4.93059,-286.38,-4906.29,-4.4014e-05
4.94059,-286.281,-4903.66,-0.000140714
4.95059,-286.155,-4900.7,-0.000136697
4.96059,-286.039,-4898.05,-0.000261459
4.97059,-285.903,-4895.18,-0.000125613
4.98058,-285.756,-4892.27,-0.000295762
4.99058,-285.614,-4889.58,-0.000186188
5.00058,-285.446,-4886.59,-0.000178779
5.01058,-285.287,-4883.86,-4.42071e-05
5.02058,-285.114,-4881.05,-0.00022191
5.03058,-284.93,-4878.16,4.30394e-05
5.04058,-284.753,-4875.54,-8.78882e-05
5.05058,-284.552,-4872.64,-6.87071e-05
5.06058,-284.355,-4869.93,-0.000204626
5.07058,-284.149,-4867.21,-2.72879e-06
5.08058,-283.924,-4864.29,-0.000321763
5.09058,-283.708,-4861.64,-0.00017174
5.10057,-283.468,-4858.72,-0.000239682
5.11057,-283.226,-4855.91,-0.000100471
5.12057,-282.981,-4853.15,-0.000315526
5.13057,-282.716,-4850.19,2.27232e-05
5.14057,-282.459,-4847.5,-0.000145548
5.15057,-282.185,-4844.63,-1.04602e-05
5.16057,-281.906,-4841.8,-0.000152232
5.17057,-281.627,-4839.12,6.28411e-05
5.18057,-281.328,-4836.21,-0.000247628
5.19057,-281.035,-4833.52,-6.17807e-05
5.20057,-280.727,-4830.7,-0.00027458
5.21057,-280.409,-4827.85,-0.000109271
5.22056,-280.093,-4825.14,-0.000320188
5.23056,-279.756,-4822.2,-7.65819e-05
5.24056,-279.422,-4819.43,-0.000258265
5.25056,-279.078,-4816.6,1.69471e-05
5.26056,-278.72,-4813.68,-0.00018623
5.27056,-278.368,-4810.97,3.47411e-05
5.28056,-277.997,-4808.05,-0.00013172
5.29056,-277.626,-4805.26,3.60241e-05
5.30056,-277.249,-4802.49,-0.000263521
5.31056,-276.858,-4799.59,-2.61897e-05
5.32056,-276.47,-4796.88,-0.000254316
5.33056,-276.066,-4793.99,-0.000154658
5.34055,-275.658,-4791.16,-0.000307458
5.35055,-275.246,-4788.38,-1.19222e-05
5.36055,-274.817,-4785.43,-0.000273294
5.37055,-274.391,-4782.66,-4.40738e-05
5.38055,-273.952,-4779.76,-8.9746e-05
5.39055,-273.506,-4776.87,4.45821e-05
5.40055,-273.06,-4774.09,-0.000210965
5.41055,-272.597,-4771.15,6.04279e-05
5.42055,-272.137,-4768.36,-0.000163358
5.43055,-271.666,-4765.51,-0.000135698
5.44055,-271.186,-4762.6,-0.000253551
5.45055,-270.706,-4759.83,-6.67095e-05
5.46054,-270.21,-4756.89,-0.00031042
5.47054,-269.714,-4754.05,-0.000112634
5.48054,-269.209,-4751.19,-0.000153184
5.49054,-268.693,-4748.23,-3.30341e-05
5.50054,-268.178,-4745.42,-0.000148307
5.51054,-267.648,-4742.47,4.0106e-05
5.52054,-267.116,-4739.58,-9.89581e-05
5.53054,-266.579,-4736.72,-3.52046e-05
5.54054,-266.029,-4733.75,-0.00015874
5.55054,-265.481,-4730.92,-0.000100448
5.56054,-264.92,-4727.98,-0.000218987
5.57054,-264.354,-4725.06,-0.000150787
5.58053,-263.785,-4722.21,-0.000237129
5.59053,-263.202,-4719.22,-0.00011523
5.60053,-262.619,-4716.35,-0.000126664
5.61053,-262.026,-4713.41,-8.88806e-05
5.62053,-261.425,-4710.43,-7.64577e-05
5.63053,-260.822,-4707.55,2.62003e-05
5.64053,-260.207,-4704.53,-8.85904e-05
5.65053,-259.59,-4701.61,-9.8082e-05
5.66053,-258.966,-4698.67,-5.54967e-05
5.67053,-258.332,-4695.67,-0.00014855
5.68053,-257.697,-4692.77,-0.000235466
5.69053,-257.051,-4689.76,-0.000145727
5.70052,-256.401,-4686.8,-0.000133714
5.71052,-255.746,-4683.85,-0.000231022
5.72052,-255.079,-4680.82,-8.10886e-05
5.73052,-254.413,-4677.88,-3.52866e-05
5.74052,-253.734,-4674.85,-6.9053e-05
5.75052,-253.051,-4671.83,-8.66173e-05
5.76052,-252.364,-4668.87,4.85979e-05
5.77052,-251.666,-4665.8,-0.000121373
5.78052,-250.966,-4662.81,-0.000113557
5.79052,-250.258,-4659.78,-0.000146833
5.80052,-249.543,-4656.73,-0.000111595
5.81052,-248.825,-4653.74,-0.000269602
5.82051,-248.096,-4650.66,-0.000102993
5.83051,-247.365,-4647.64,-0.000173183
5.84051,-246.626,-4644.59,-6.50721e-05
5.85051,-245.879,-4641.49,-0.000127934
5.86051,-245.13,-4638.47,3.47468e-05
5.87051,-244.371,-4635.35,-0.000100186
5.88051,-243.607,-4632.28,3.22459e-05
5.89051,-242.838,-4629.21,-0.000151167
5.90051,-242.06,-4626.06,-3.45457e-05
5.91051,-241.28,-4623,-0.000194373
5.92051,-240.491,-4619.88,-0.000105359
5.93051,-239.696,-4616.75,-0.000275374
5.9405,-238.898,-4613.66,-3.72898e-05
5.9505,-238.09,-4610.5,-0.000219816
5.9605,-237.279,-4607.38,-5.34356e-05
5.9705,-236.461,-4604.23,-0.000108935
5.9805,-235.636,-4601.06,8.24287e-05
5.9905,-234.807,-4597.93,-0.000176266
6.0005,-233.969,-4594.73,6.33829e-05
6.0105,-233.128,-4591.56,-0.00010567
6.0205,-232.28,-4588.38,-5.89616e-05
6.0305,-231.425,-4585.16,-0.000259484
6.0405,-230.566,-4581.99,-7.96824e-07
6.0505,-229.699,-4578.76,-0.000280406
6.06049,-228.828,-4575.55,-0.000109519
6.07049,-227.952,-4572.35,-0.000167661
6.08049,-227.067,-4569.08,2.73947e-05
6.09049,-226.179,-4565.86,-0.000205201
6.10049,-225.284,-4562.61,9.03854e-05
6.11049,-224.382,-4559.33,-8.37876e-05
6.12049,-223.477,-4556.08,1.79191e-05
6.13049,-222.563,-4552.78,-0.000165971
6.14049,-221.646,-4549.51,2.34107e-05
6.15049,-220.722,-4546.21,-0.000244563
6.16049,-219.791,-4542.88,-7.73245e-05
6.17049,-218.858,-4539.6,-0.000238291
6.18048,-217.916,-4536.25,-5.44739e-05
6.19048,-216.969,-4532.92,-0.00020499
6.20048,-216.018,-4529.59,6.86966e-06
6.21048,-215.059,-4526.22,-0.000134887
6.22048,-214.097,-4522.88,7.62047e-05
6.23048,-213.127,-4519.49,-0.000104776
6.24048,-212.152,-4516.1,2.02584e-05
6.25048,-211.173,-4512.74,-0.000122105
6.26048,-210.185,-4509.3,-7.63172e-06
6.27048,-209.194,-4505.9,-0.000248483
6.28048,-208.198,-4502.48,-7.35124e-05
6.29048,-207.195,-4499.04,-0.000178041
6.30047,-206.187,-4495.6,-0.000111005
6.31047,-205.173,-4492.13,-0.00019236
6.32047,-204.155,-4488.68,5.24855e-05
6.33047,-203.13,-4485.21,-0.000114337
6.34047,-202.099,-4481.69,-1.4732e-05
6.35047,-201.065,-4478.22,-1.58273e-05
6.36047,-200.024,-4474.71,3.08876e-05
6.37047,-198.977,-4471.17,-0.000174222
6.38047,-197.926,-4467.65,-2.95385e-05
6.39047,-196.868,-4464.1,-0.00012829
6.40047,-195.807,-4460.55,-0.000161456
6.41047,-194.739,-4456.98,-0.000187241
6.42046,-193.665,-4453.39,-5.00841e-05
6.43046,-192.588,-4449.82,-0.000148413
6.44046,-191.503,-4446.2,-6.49062e-05
6.45046,-190.414,-4442.58,-1.77978e-05
6.46046,-189.321,-4438.97,4.48493e-06
6.47046,-188.221,-4435.32,-5.42646e-05
6.48046,-187.117,-4431.68,-9.80005e-06
6.49046,-186.006,-4428,-6.04448e-05
6.50046,-184.891,-4424.32,-0.000104837
6.51046,-183.771,-4420.65,-0.000125967
6.52046,-182.645,-4416.92,-0.000147584
6.53046,-181.514,-4413.21,-0.000129365
6.54045,-180.379,-4409.49,-0.00012368
6.55045,-179.238,-4405.73,-9.57746e-05
6.56045,-178.092,-4401.99,-6.81409e-05
6.57045,-176.94,-4398.2,2.28371e-05
6.58045,-175.784,-4394.43,-6.13916e-05
6.59045,-174.623,-4390.64,-7.42401e-07
6.60045,-173.456,-4386.81,-1.47085e-05
6.61045,-172.285,-4382.99,-4.49848e-05
6.62045,-171.109,-4379.16,-0.00017337
6.63045,-169.927,-4375.29,-3.74878e-05
6.64045,-168.741,-4371.43,-0.000166943
6.65045,-167.549,-4367.54,-0.00014695
6.66044,-166.353,-4363.66,-0.000135252
6.67044,-165.152,-4359.74,1.06304e-05
6.68044,-163.945,-4355.8,-0.000153656
6.69044,-162.735,-4351.88,2.79836e-05
6.70044,-161.518,-4347.91,-7.43382e-06
6.71044,-160.297,-4343.93,2.18497e-05
6.72044,-159.072,-4339.95,-0.000127828
6.73044,-157.841,-4335.95,5.28924e-05
6.74044,-156.606,-4331.93,-0.000159366
6.75044,-155.366,-4327.88,-9.49351e-05
6.76044,-154.121,-4323.84,-0.000176884
6.77044,-152.872,-4319.78,-3.46412e-05
6.78043,-151.617,-4315.68,-0.000211855
6.79043,-150.357,-4311.58,5.89825e-06
6.80043,-149.094,-4307.48,-9.92989e-05
6.81043,-147.825,-4303.34,5.19031e-05
6.82043,-146.552,-4299.19,-8.46804e-05
6.83043,-145.274,-4295.02,7.62489e-05
6.84043,-143.992,-4290.84,-0.000110784
6.85043,-142.705,-4286.64,3.10147e-05
6.86043,-141.412,-4282.41,-0.000186281
6.87043,-140.117,-4278.19,-3.8668e-05
6.88043,-138.816,-4273.94,-0.000186588
6.89043,-137.51,-4269.65,-4.57063e-05
6.90042,-136.2,-4265.37,-0.000208998
6.91042,-134.886,-4261.06,5.08942e-05
6.92042,-133.567,-4256.74,-0.000110493
6.93042,-132.244,-4252.39,3.11645e-05
6.94042,-130.916,-4248.02,-6.35846e-05
6.95042,-129.584,-4243.66,0.000115291
6.96042,-128.247,-4239.25,-0.000159168
6.97042,-126.906,-4234.82,1.78553e-05
6.98042,-125.561,-4230.39,-0.000116395
6.99042,-124.212,-4225.93,-6.0693e-05
7.00042,-122.857,-4221.45,-0.000239395
7.01042,-121.499,-4216.95,2.15292e-05
7.02041,-120.137,-4212.44,-0.000169715
7.03041,-118.77,-4207.91,-3.37613e-05
7.04041,-117.399,-4203.34,-6.97642e-05
7.05041,-116.024,-4198.76,9.5408e-05
7.06041,-114.645,-4194.17,-0.000115087
7.07041,-113.261,-4189.55,7.4059e-05
7.08041,-111.873,-4184.9,-6.22298e-05
7.09041,-110.481,-4180.24,-1.39438e-05
7.10041,-109.086,-4175.57,-0.000164848
7.11041,-107.686,-4170.86,-2.07634e-05
7.12041,-106.281,-4166.12,-0.00018193
7.13041,-104.874,-4161.38,-5.93173e-05
7.1404,-103.462,-4156.62,-0.000133399
7.1504,-102.046,-4151.81,4.95922e-06
7.1604,-100.626,-4147,-7.3509e-05
7.1704,-99.2022,-4142.17,4.759e-05
7.1804,-97.7744,-4137.31,-4.90223e-05
7.1904,-96.3426,-4132.42,5.5843e-05
7.2004,-94.9072,-4127.51,-6.22816e-05
7.2104,-93.4683,-4122.6,-4.22975e-05
7.2204,-92.0252,-4117.64,-0.000108834
7.2304,-90.5781,-4112.65,-4.48449e-05
7.2404,-89.1279,-4107.66,-0.000177124
7.2504,-87.6739,-4102.64,-7.69312e-05
7.26039,-86.2156,-4097.58,-5.49714e-05
7.27039,-84.754,-4092.5,-4.97621e-05
7.28039,-83.2891,-4087.41,-6.7011e-05
7.29039,-81.8204,-4082.29,7.16023e-05
7.30039,-80.3478,-4077.13,-5.91371e-06
7.31039,-78.8719,-4071.95,-4.13135e-05
7.32039,-77.3929,-4066.77,3.6329e-06
7.33039,-75.91,-4061.53,-2.3201e-05
7.34039,-74.4234,-4056.26,-0.000134872
7.35039,-72.9339,-4051,-9.48987e-05
7.36039,-71.441,-4045.7,-5.72125e-05
7.37039,-69.9443,-4040.35,-0.000133341
7.38038,-68.4445,-4034.98,-7.68074e-05
7.39038,-66.9416,-4029.61,-1.13479e-05
7.40038,-65.4355,-4024.2,-2.6873e-06
7.41038,-63.9257,-4018.74,-3.93531e-05
7.42038,-62.4129,-4013.26,5.68979e-05
7.43038,-60.8974,-4007.79,-1.6227e-05
7.44038,-59.3783,-4002.25,-1.72212e-05
7.45038,-57.8561,-3996.68,-7.62688e-05
7.46038,-56.3311,-3991.1,-3.97773e-05
7.47038,-54.8031,-3985.49,-0.000136611
7.48038,-53.2719,-3979.84,-5.98934e-05
7.49038,-51.7378,-3974.15,-0.000132058
7.50037,-50.201,-3968.46,-1.55091e-05
7.51037,-48.6613,-3962.73,-6.42228e-05
7.52037,-47.1184,-3956.94,2.20963e-05
7.53037,-45.573,-3951.14,-3.9696e-05
7.54037,-44.0251,-3945.33,9.41675e-05
7.55037,-42.4742,-3939.47,-7.0979e-05
7.56037,-40.9205,-3933.56,1.03405e-05
7.57037,-39.3644,-3927.64,-6.91996e-05
7.58037,-37.8058,-3921.69,-2.07912e-05
7.59037,-36.2445,-3915.7,-0.000193703
7.60037,-34.6806,-3909.66,-1.13804e-06
7.61037,-33.1144,-3903.61,-0.000118249
7.62036,-31.5459,-3897.53,-3.87635e-05
7.63036,-29.9747,-3891.39,-8.46521e-05
7.64036,-28.4014,-3885.22,0.000111281
7.65036,-26.8259,-3879.04,-8.89852e-05
7.66036,-25.2481,-3872.81,6.35698e-05
7.67036,-23.668,-3866.54,-1.85207e-05
7.68036,-22.0858,-3860.23,3.66212e-05
7.69036,-20.5017,-3853.92,-0.000158178
7.70036,-18.9154,-3847.54,3.20664e-05
7.71036,-17.3271,-3841.11,-0.000148811
7.72036,-15.737,-3834.67,-5.10989e-05
7.73036,-14.145,-3828.21,-0.000132261
7.74035,-12.551,-3821.67,4.41948e-05
7.75035,-10.9553,-3815.1,-0.00011306
7.76035,-9.35799,-3808.52,7.45661e-05
7.77035,-7.75896,-3801.89,-4.147e-05
7.78035,-6.15827,-3795.19,8.48894e-05
7.79035,-4.55606,-3788.47,-7.08979e-05
7.80035,-2.95238,-3781.73,4.91358e-05
7.81035,-1.34723,-3774.94,-0.000118558
7.82035,0.259284,-3768.08,7.96416e-06
7.83035,1.86712,-3761.21,-0.000160818
7.84035,3.47622,-3754.3,-2.36619e-05
7.85035,5.08649,-3747.33,-0.000112343
7.86034,6.69788,-3740.31,2.31557e-05
7.87034,8.31039,-3733.28,-0.00010685
7.88034,9.92388,-3726.2,9.33115e-05
7.89034,11.5382,-3719.05,-2.31363e-05
7.90034,13.1535,-3711.86,4.09817e-05
7.91034,14.7696,-3704.66,-5.01023e-05
7.92034,16.3864,-3697.39,7.71495e-05
7.93034,18.0038,-3690.05,-0.000136469
7.94034,19.6219,-3682.7,-3.23518e-05
7.95034,21.2405,-3675.32,-8.34634e-05
7.96034,22.8594,-3667.85,-3.84516e-05
7.97034,24.4787,-3660.33,-0.000147471
7.98033,26.0984,-3652.8,4.98562e-05
7.99033,27.7183,-3645.22,-4.26326e-05
8.00033,29.3381,-3637.55,1.21554e-05
8.01033,30.958,-3629.85,-1.5239e-06
8.02033,32.5782,-3622.13,8.60033e-05
8.03033,34.198,-3614.33,-6.28791e-05
8.04033,35.8174,-3606.46,9.37764e-06
8.05033,37.4368,-3598.58,-4.83857e-05
8.06033,39.0559,-3590.64,-4.73044e-05
8.07033,40.6743,-3582.63,-0.000115911
8.08033,42.292,-3574.56,-2.92037e-05
8.09033,43.9094,-3566.47,-7.47133e-05
8.10032,45.526,-3558.31,-1.95006e-05
8.11032,47.1414,-3550.08,-1.83007e-05
8.12032,48.756,-3541.8,3.09274e-05
8.13032,50.3699,-3533.49,1.50055e-05
8.14032,51.9824,-3525.1,3.10444e-05
8.15032,53.5933,-3516.64,-1.45224e-05
8.16032,55.2032,-3508.15,-3.60047e-06
8.17032,56.812,-3499.61,-3.45429e-05
8.18032,58.4186,-3490.98,-8.58675e-05
8.19032,60.0234,-3482.28,-6.29422e-05
8.20032,61.627,-3473.56,-4.11891e-05
8.21032,63.2286,-3464.77,-6.65508e-05
8.22031,64.8277,-3455.89,-4.71124e-05
8.23031,66.4247,-3446.96,5.08234e-05
8.24031,68.0201,-3438,-7.88342e-06
8.25031,69.6126,-3428.95,9.66646e-06
8.26031,71.2022,-3419.81,3.73276e-05
8.27031,72.7896,-3410.63,3.62158e-05
8.28031,74.3746,-3401.41,-8.2941e-05
8.29031,75.956,-3392.09,3.79082e-07
8.30031,77.5342,-3382.69,-5.50168e-05
8.31031,79.1098,-3373.25,-7.08262e-05
8.32031,80.6823,-3363.75,-9.63716e-05
8.33031,82.2503,-3354.14,2.8006e-05
8.3403,83.8149,-3344.47,-7.06904e-05
8.3503,85.3765,-3334.76,1.85218e-05
8.3603,86.9339,-3324.97,1.14543e-05
8.3703,88.4862,-3315.07,6.80616e-05
8.3803,90.0352,-3305.12,-4.33545e-05
8.3903,91.5802,-3295.12,6.07892e-05
8.4003,93.1198,-3285.01,-5.29494e-05
8.4103,94.6541,-3274.81,-6.38267e-06
8.4203,96.1848,-3264.58,-9.98988e-05
8.4303,97.7103,-3254.26,-8.45417e-06
8.4403,99.2295,-3243.83,-0.000103036
8.4503,100.743,-3233.32,1.6379e-05
8.46029,102.253,-3222.77,-7.29204e-05
8.47029,103.756,-3212.12,6.20251e-05
8.48029,105.252,-3201.35,-1.66354e-05
8.49029,106.742,-3190.53,6.71102e-05
8.50029,108.227,-3179.65,-4.00091e-05
8.51029,109.704,-3168.64,8.35934e-05
8.52029,111.174,-3157.54,-8.01598e-05
8.53029,112.638,-3146.38,-4.98639e-06
8.54029,114.095,-3135.14,-8.1292e-05
8.55029,115.543,-3123.76,9.26055e-06
8.56029,116.983,-3112.31,-0.000138322
8.57029,118.417,-3100.79,3.91069e-05
8.58028,119.842,-3089.17,-3.77422e-05
8.59028,121.257,-3077.41,3.32937e-05
8.60028,122.665,-3065.59,-3.69553e-05
8.61028,124.065,-3053.7,0.000121294
8.62028,125.454,-3041.67,-5.32167e-05
8.63028,126.833,-3029.52,3.53596e-05
8.64028,128.204,-3017.32,-3.64718e-05
8.65028,129.564,-3005.01,1.8159e-05
8.66028,130.913,-2992.56,-0.000130264
8.67028,132.252,-2980.01,1.97927e-05
8.68028,133.582,-2967.4,-7.97905e-05
8.69028,134.899,-2954.65,1.41392e-06
8.70027,136.203,-2941.77,-5.21895e-05
8.71027,137.497,-2928.8,7.69813e-05
8.72027,138.78,-2915.75,-3.11204e-05
8.73027,140.049,-2902.54,6.90683e-05
8.74027,141.304,-2889.21,-1.72635e-05
8.75027,142.548,-2875.79,4.72683e-05
8.76027,143.779,-2862.27,-5.87427e-05
8.77027,144.993,-2848.58,5.93737e-06
8.78027,146.195,-2834.78,-8.53216e-05
8.79027,147.383,-2820.89,6.15984e-07
8.80027,148.556,-2806.87,-7.7118e-05
8.81027,149.711,-2792.67,1.85291e-06
8.82026,150.852,-2778.39,-2.11065e-05
8.83026,151.978,-2763.99,5.28974e-05
8.84026,153.086,-2749.43,-2.72217e-05
8.85026,154.176,-2734.72,6.58464e-05
8.86026,155.251,-2719.93,1.24417e-05
8.87026,156.308,-2704.99,2.79412e-06
8.88026,157.345,-2689.88,-4.21678e-05
8.89026,158.363,-2674.63,2.17535e-05
8.90026,159.364,-2659.29,-7.76591e-05
8.91026,160.345,-2643.77,-4.27933e-05
8.92026,161.303,-2628.08,-1.8433e-05
8.93026,162.242,-2612.27,-2.65309e-06
8.94025,163.162,-2596.35,-4.10396e-05
8.95025,164.057,-2580.22,4.65799e-05
8.96025,164.93,-2563.93,3.14167e-05
8.97025,165.782,-2547.54,7.41497e-06
8.98025,166.611,-2530.99,1.41659e-05
8.99025,167.414,-2514.23,2.89206e-05
9.00025,162.913,-2418.94,-3.08224e-05
9.01025,-216.582,3181.11,4.2551e-05
9.02025,-793.958,11552.7,3.01128e-05
9.03025,-1084,15668.6,0.000159575
9.04025,-843.362,12150.2,0.000117827
9.05025,-202.326,2913.03,1.0376e-05
9.06024,414.682,-5972.31,1.96553e-05
9.07024,666.418,-9595.76,-4.3465e-06
9.08024,445.48,-6405.46,9.11477e-05
9.09024,-12.5448,180.018,-1.01397e-06
9.10024,-367.713,5268.46,-8.47747e-05
9.11024,-376.356,5390.35,1.03354e-05
9.12024,-59.3276,850.358,3.1568e-06
9.13024,295.944,-4245.88,-7.98575e-05
9.14024,441.395,-6334.87,-2.73161e-05
9.15024,328.691,-4715.34,-0.000146508
9.16024,79.7357,-1142.93,-2.37225e-06
9.17024,-102.779,1472.33,5.57609e-06
9.18023,-124.341,1781.05,-1.53155e-05
9.19023,10.9737,-157.25,-1.41807e-06
9.20023,153.847,-2205.52,6.98363e-05
9.21023,212.512,-3047.06,-6.80637e-06
9.22023,180.516,-2588,1.98829e-05
9.23023,107.965,-1547.51,-8.93588e-06
9.24023,60.6257,-868.843,1.10102e-05
9.25023,55.1802,-790.788,-2.98758e-05
9.26023,76.3904,-1094.82,-2.78752e-07
9.27023,96.9829,-1390.04,-2.61257e-05
9.28023,104.596,-1499.19,-5.11554e-06
9.29023,101.487,-1454.61,-3.43676e-05
9.30022,95.4162,-1367.57,3.95519e-05
9.31022,91.7543,-1315.07,-1.30182e-05
9.32022,91.3976,-1309.96,2.62095e-05
9.33022,92.7121,-1328.8,2.22189e-07
9.34022,93.9425,-1346.44,3.20715e-05
9.35022,94.3695,-1352.56,-3.20962e-05
9.36022,94.1715,-1349.73,1.5557e-05
9.37022,93.8166,-1344.64,-3.76876e-05
9.38022,93.6078,-1341.64,-7.79482e-07
9.39022,93.5914,-1341.41,-4.2335e-05
9.40022,93.668,-1342.51,1.06345e-05
9.41022,93.7383,-1343.51,-2.78674e-05
9.42021,93.7606,-1343.84,3.08526e-05
9.43021,93.7485,-1343.66,-1.54591e-05
9.44021,93.7274,-1343.36,3.78382e-05
9.45021,93.7159,-1343.19,-4.07129e-06
9.46021,93.7146,-1343.18,2.63998e-05
9.47021,93.7196,-1343.25,-3.17925e-05
9.48021,93.7232,-1343.3,2.18898e-05
9.49021,93.7247,-1343.32,-4.09481e-05
9.50021,93.7236,-1343.3,-1.00352e-05
9.51021,93.7228,-1343.29,-3.34715e-05
9.52021,93.7217,-1343.28,1.81648e-05
9.53021,93.722,-1343.28,-4.04053e-05
9.5402,93.722,-1343.28,2.91896e-05
9.5502,93.7225,-1343.29,5.33216e-06
9.5602,93.7221,-1343.28,2.43586e-05
9.5702,93.7224,-1343.29,-1.46617e-05
9.5802,93.7221,-1343.28,4.21787e-05
9.5902,93.7223,-1343.29,-2.70068e-05
9.6002,93.722,-1343.28,-4.96817e-06
9.6102,93.7224,-1343.29,-2.56133e-05
9.6202,93.7221,-1343.28,6.92056e-07
9.6302,93.7224,-1343.29,-4.82998e-05
9.6402,93.7221,-1343.28,9.74706e-06
9.6502,93.7224,-1343.29,-1.12712e-05
9.66019,93.7221,-1343.28,1.39981e-05
9.67019,93.7223,-1343.29,-3.35671e-06
9.68019,93.7221,-1343.28,3.56572e-05
9.69019,93.7223,-1343.29,-4.03801e-06
9.70019,93.722,-1343.28,1.55658e-05
9.71019,93.7223,-1343.29,-1.33485e-05
9.72019,93.7222,-1343.28,-2.08501e-06
9.73019,93.7223,-1343.29,-2.87472e-05
9.74019,93.7222,-1343.28,-1.17866e-05
9.75019,93.7224,-1343.29,-2.96495e-05
9.76019,93.7223,-1343.29,1.75221e-06
9.77019,93.7223,-1343.29,-8.0023e-06
9.78018,93.7222,-1343.28,5.21792e-06
9.79018,93.7223,-1343.29,1.35206e-05
9.80018,93.7222,-1343.28,2.54996e-05
9.81018,93.7222,-1343.28,-3.74242e-06
9.82018,93.7222,-1343.28,8.76741e-06
9.83018,93.7222,-1343.28,5.88401e-06
9.84018,93.7222,-1343.28,-2.32032e-05
9.85018,93.7222,-1343.28,-2.53805e-05
9.86018,93.7223,-1343.29,-6.36493e-06
9.87018,93.7222,-1343.28,-1.98684e-05
9.88018,93.7223,-1343.29,-2.5568e-05
9.89018,93.7223,-1343.28,1.52541e-05
9.90017,93.7223,-1343.29,7.87082e-06
9.91017,93.7221,-1343.28,3.73449e-06
9.92017,93.7223,-1343.29,1.3992e-05
9.93017,93.7222,-1343.28,2.89932e-05
9.94017,93.7222,-1343.28,-1.59893e-05
9.95017,93.7221,-1343.28,8.3121e-07
9.96017,93.7224,-1343.29,-1.18165e-05
9.97017,93.7221,-1343.28,-1.48844e-05
9.98017,93.7223,-1343.29,-3.81447e-05
9.99017,93.7222,-1343.28,3.13481e-06
10.0002,93.7224,-1343.29,-2.23381e-05
10.0102,93.7221,-1343.28,8.26303e-06
10.0202,93.7224,-1343.29,-2.54331e-06
10.0302,93.7221,-1343.28,2.92438e-05
10.0402,93.7224,-1343.29,-1.83089e-06
10.0502,93.722,-1343.28,2.7698e-05
10.0602,93.7224,-1343.29,-1.66352e-05
10.0702,93.7221,-1343.28,1.32591e-05
10.0802,93.7224,-1343.29,-2.96875e-05
10.0902,93.722,-1343.28,-8.15471e-06
10.1002,93.7225,-1343.29,-3.8699e-05
10.1102,93.7221,-1343.28,1.16676e-05
10.1202,93.7224,-1343.29,-3.6269e-05
10.1302,93.7221,-1343.28,1.67783e-05
10.1402,93.7225,-1343.29,4.30049e-07
10.1502,93.722,-1343.28,3.23167e-05
10.1602,93.7224,-1343.29,-1.9024e-05
10.1702,93.722,-1343.28,4.3819e-05
10.1802,93.7224,-1343.29,-1.56153e-05
10.1902,93.7219,-1343.28,-2.01629e-07
10.2001,93.7225,-1343.29,-3.27248e-05
10.2101,93.7221,-1343.28,1.51113e-05
10.2201,93.7224,-1343.29,-5.76794e-05
10.2301,93.722,-1343.28,5.11755e-06
10.2401,93.7226,-1343.29,-1.6155e-05
10.2501,93.722,-1343.28,1.78122e-05
10.2601,93.7224,-1343.29,-2.28085e-05
10.2701,93.722,-1343.28,5.03761e-05
10.2801,93.7224,-1343.29,-9.60251e-06
10.2901,93.7219,-1343.28,2.30509e-05
10.3001,93.7224,-1343.29,-1.61906e-05
10.3101,93.722,-1343.28,1.93588e-05
10.3201,93.7224,-1343.29,-4.5888e-05
10.3301,93.722,-1343.28,3.45724e-06
10.3401,93.7225,-1343.29,-3.9647e-05
10.3501,93.7221,-1343.28,5.56453e-06
10.3601,93.7224,-1343.29,-2.93066e-05
10.3701,93.7221,-1343.28,2.40899e-05
10.3801,93.7225,-1343.29,-1.13797e-05
10.3901,93.722,-1343.28,3.89544e-05
10.4001,93.7223,-1343.29,-1.00405e-05
10.4101,93.722,-1343.28,2.62319e-05
10.4201,93.7224,-1343.29,-1.19272e-05
10.4301,93.722,-1343.28,8.77174e-06
10.4401,93.7224,-1343.29,-4.44589e-05
10.4501,93.7222,-1343.28,6.77551e-06
10.4601,93.7224,-1343.29,-3.35128e-05
10.4701,93.7221,-1343.28,-1.10647e-05
10.4801,93.7224,-1343.29,-1.72531e-05
10.4901,93.7222,-1343.28,3.062e-05
10.5001,93.7223,-1343.29,-1.81179e-05
10.5101,93.7221,-1343.28,2.68781e-05
10.5201,93.7224,-1343.29,1.55896e-05
10.5301,93.7221,-1343.28,1.30311e-05
10.5401,93.7222,-1343.28,-2.27367e-05
10.5501,93.7222,-1343.28,1.62254e-05
10.5601,93.7223,-1343.29,-2.77531e-05
10.5701,93.7221,-1343.28,-2.42481e-05
10.5801,93.7224,-1343.29,-2.05191e-05
10.5901,93.7223,-1343.29,1.49892e-06
10.6001,93.7223,-1343.29,-2.40922e-05
10.6101,93.7222,-1343.28,1.17145e-05
10.6201,93.7223,-1343.29,1.45313e-05
10.6301,93.7222,-1343.28,1.365e-05
10.6401,93.7222,-1343.28,6.21745e-06
10.6501,93.7222,-1343.28,1.66784e-05
10.6601,93.7222,-1343.28,-5.09223e-06
10.6701,93.7222,-1343.28,-1.13315e-05
10.6801,93.7222,-1343.28,-1.64814e-05
10.6901,93.7223,-1343.29,-2.22955e-05
10.7001,93.7223,-1343.28,-1.60456e-05
10.7101,93.7223,-1343.29,-1.53773e-05
10.7201,93.7222,-1343.28,-5.96696e-06
10.7301,93.7224,-1343.29,6.05427e-06
10.7401,93.7221,-1343.28,1.94428e-05
10.7501,93.7222,-1343.28,-2.72028e-07
10.7601,93.7222,-1343.28,2.35394e-05
10.7701,93.7223,-1343.29,8.01884e-06
10.7801,93.722,-1343.28,-5.04428e-06
10.7901,93.7223,-1343.29,-2.22507e-05
10.8001,93.7222,-1343.28,5.46335e-06
10.8101,93.7223,-1343.29,-3.89516e-05
10.8201,93.7221,-1343.28,-1.70657e-05
10.8301,93.7225,-1343.29,-1.03822e-05
10.8401,93.7221,-1343.28,1.01594e-05
10.8501,93.7223,-1343.29,-2.30503e-05
10.8601,93.7221,-1343.28,3.60476e-05
10.8701,93.7224,-1343.29,8.54314e-06
10.8801,93.722,-1343.28,1.36508e-05
10.8901,93.7223,-1343.29,-9.12303e-06
10.9001,93.7221,-1343.28,2.6941e-05
10.9101,93.7224,-1343.29,-3.92237e-05
10.9201,93.722,-1343.28,-5.51877e-06
10.9301,93.7225,-1343.29,-2.84027e-05
10.9401,93.7221,-1343.28,-1.90006e-06
10.9501,93.7224,-1343.29,-3.84763e-05
10.9601,93.7221,-1343.28,2.39011e-05
10.9701,93.7225,-1343.29,-1.32805e-05
10.9801,93.722,-1343.28,2.98214e-05
10.9901,93.7224,-1343.29,-5.0834e-06
11.0001,93.722,-1343.28,3.43991e-05
11.0101,93.7224,-1343.29,-1.67937e-05
11.0201,93.7219,-1343.28,1.95629e-05
11.0301,93.7224,-1343.29,-3.89841e-05
11.0401,93.7221,-1343.28,5.71318e-06
11.0501,93.7225,-1343.29,-3.94256e-05
11.0601,93.722,-1343.28,-1.08315e-06
11.0701,93.7225,-1343.29,-3.58776e-05
11.0801,93.7221,-1343.28,3.16068e-05
11.0901,93.7224,-1343.29,-2.1754e-05
11.1001,93.722,-1343.28,2.86307e-05
11.1101,93.7225,-1343.29,3.31665e-06
11.1201,93.722,-1343.28,3.61132e-05
11.1301,93.7223,-1343.29,-3.32609e-05
11.1401,93.722,-1343.28,2.77938e-05
11.1501,93.7224,-1343.29,-2.78381e-05
11.1601,93.722,-1343.28,-1.19589e-05
11.1701,93.7225,-1343.29,-4.20243e-05
11.1801,93.7221,-1343.28,1.97261e-05
11.1901,93.7224,-1343.29,-4.38665e-05
11.2001,93.722,-1343.28,1.49442e-05
11.2101,93.7225,-1343.29,6.54087e-07
11.2201,93.722,-1343.28,3.12893e-05
11.2301,93.7223,-1343.29,-1.68804e-05
11.2401,93.722,-1343.28,4.1373e-05
11.2501,93.7224,-1343.29,-1.32821e-05
11.2601,93.722,-1343.28,4.39966e-06
11.2701,93.7224,-1343.29,-3.0166e-05
11.2801,93.7221,-1343.28,4.37223e-06
11.2901,93.7224,-1343.29,-4.39249e-05
11.3001,93.7221,-1343.28,-1.71433e-07
11.3101,93.7224,-1343.29,-2.3002e-05
11.3201,93.7222,-1343.28,1.49696e-05
11.3301,93.7223,-1343.29,-6.82822e-06
11.3401,93.7221,-1343.28,2.78725e-05
11.3501,93.7223,-1343.29,-7.06852e-07
11.3601,93.7221,-1343.28,2.85877e-05
11.3701,93.7222,-1343.28,-1.21608e-05
11.3801,93.7221,-1343.28,6.28553e-08
11.3901,93.7223,-1343.29,-1.77671e-05
11.4,93.7221,-1343.28,-8.83648e-06
11.41,93.7223,-1343.29,-4.1258e-05
11.42,93.7223,-1343.29,-4.07306e-08
11.43,93.7223,-1343.29,-9.00318e-06
11.44,93.7222,-1343.28,-6.03446e-06
11.45,93.7223,-1343.29,4.6562e-06
11.46,93.7222,-1343.28,3.31309e-05
11.47,93.7222,-1343.28,-1.21932e-06
11.48,93.7222,-1343.28,7.16084e-06
11.49,93.7222,-1343.28,1.48945e-05
11.5,93.7222,-1343.28,-9.09434e-06
11.51,93.7222,-1343.28,-2.92102e-05
11.52,93.7223,-1343.29,-8.4046e-06
11.53,93.7223,-1343.29,-1.48802e-05
11.54,93.7223,-1343.29,-3.13767e-05
11.55,93.7222,-1343.28,-5.70326e-07
11.56,93.7224,-1343.29,7.78632e-06
11.57,93.7221,-1343.28,4.10705e-06
11.58,93.7223,-1343.28,7.32114e-06
11.59,93.7222,-1343.28,2.93894e-05
11.6,93.7223,-1343.29,-1.64664e-06
11.61,93.7221,-1343.28,5.16856e-06
11.62,93.7223,-1343.29,-1.18598e-05
11.63,93.7222,-1343.28,-7.34562e-06
11.64,93.7223,-1343.29,-3.19353e-05
11.65,93.7221,-1343.28,-8.34243e-06
11.66,93.7224,-1343.29,-2.87064e-05
11.67,93.7222,-1343.28,8.63384e-06
11.68,93.7224,-1343.29,-1.02676e-05
11.69,93.7221,-1343.28,1.82663e-05
11.7,93.7224,-1343.29,4.39813e-06
11.71,93.722,-1343.28,3.416e-05
11.72,93.7223,-1343.29,-1.69659e-05
11.73,93.7221,-1343.28,1.8364e-05
11.74,93.7224,-1343.29,-1.54451e-05
11.75,93.722,-1343.28,-7.76964e-06
11.76,93.7224,-1343.29,-4.50458e-05
11.77,93.7221,-1343.28,1.33619e-05
11.78,93.7224,-1343.29,-3.71927e-05
11.79,93.722,-1343.28,8.70967e-07
11.8,93.7225,-1343.29,-4.86732e-06
11.81,93.7221,-1343.28,3.70157e-05
11.82,93.7223,-1343.29,-2.26397e-05
11.83,93.722,-1343.28,4.08899e-05
11.84,93.7224,-1343.29,-1.94948e-06
11.85,93.7219,-1343.28,8.69599e-06
11.86,93.7224,-1343.29,-3.45983e-05
11.87,93.7221,-1343.28,1.89574e-05
11.88,93.7225,-1343.29,-5.01768e-05
11.89,93.722,-1343.28,-3.55239e-06
11.9,93.7225,-1343.29,-2.75829e-05
11.91,93.7221,-1343.28,1.81991e-05
11.92,93.7224,-1343.29,-2.63655e-05
11.93,93.722,-1343.28,3.8793e-05
11.94,93.7225,-1343.29,-6.49171e-06
11.95,93.722,-1343.28,3.38245e-05
11.96,93.7224,-1343.29,-1.55937e-05
11.97,93.722,-1343.28,2.21969e-05
11.98,93.7224,-1343.29,-3.32641e-05
11.99,93.722,-1343.28,7.1505e-06
12,93.7224,-1343.29,-4.76737e-05
12.011,93.7224,-1343.29,-1.90745e-05
12.021,93.722,-1343.28,1.13523e-05
12.031,93.7224,-1343.29,-5.16626e-05
12.041,93.7221,-1343.28,2.91913e-07
12.051,93.7225,-1343.29,-2.36973e-05
12.061,93.722,-1343.28,1.81697e-06
12.071,93.7225,-1343.29,-2.74612e-05
12.081,93.7221,-1343.28,4.61414e-05
12.091,93.7224,-1343.29,-1.13917e-05
12.101,93.7219,-1343.28,2.34674e-05
12.111,93.7224,-1343.29,-2.88107e-07
12.121,93.722,-1343.28,3.01301e-05
12.131,93.7224,-1343.29,-4.49008e-05
12.141,93.722,-1343.28,1.24444e-05
12.151,93.7225,-1343.29,-3.26147e-05
12.161,93.722,-1343.28,-7.9728e-06
12.171,93.7225,-1343.29,-4.21619e-05
12.181,93.7221,-1343.28,2.69452e-05
12.191,93.7225,-1343.29,-2.66895e-05
12.201,93.722,-1343.28,2.6955e-05
12.211,93.7224,-1343.29,-1.93989e-06
12.221,93.722,-1343.28,3.7622e-05
12.231,93.7224,-1343.29,-1.81495e-05
12.241,93.722,-1343.28,2.70278e-05
12.251,93.7224,-1343.29,-3.06965e-05
12.261,93.722,-1343.28,6.61065e-06
12.271,93.7224,-1343.29,-4.18507e-05
12.281,93.7221,-1343.28,-1.59401e-06
12.291,93.7225,-1343.29,-3.45388e-05
12.301,93.7221,-1343.28,1.84169e-05
12.311,93.7224,-1343.29,-2.63121e-05
12.321,93.7221,-1343.28,3.15549e-05
12.331,93.7224,-1343.29,3.51969e-06
12.341,93.722,-1343.28,2.60502e-05
12.351,93.7223,-1343.29,-1.58257e-05
12.361,93.7221,-1343.28,3.22141e-05
12.371,93.7223,-1343.29,-2.97162e-05
12.381,93.722,-1343.28,-1.11721e-05
12.391,93.7224,-1343.29,-2.62505e-05
12.401,93.7221,-1343.28,2.03775e-06
12.411,93.7223,-1343.29,-4.61166e-05
12.421,93.7222,-1343.28,1.38456e-05
12.431,93.7224,-1343.29,1.33082e-06
12.441,93.7221,-1343.28,1.11453e-05
12.451,93.7223,-1343.29,-1.76275e-06
12.461,93.7222,-1343.28,4.0921e-05
12.471,93.7223,-1343.28,-9.85591e-06
12.481,93.7221,-1343.28,1.34926e-06
12.491,93.7223,-1343.29,-7.86726e-06
12.501,93.7222,-1343.28,-7.52578e-06
12.511,93.7223,-1343.29,-3.8598e-05
12.521,93.7222,-1343.28,-6.75578e-06
12.531,93.7224,-1343.29,-1.67036e-05
12.541,93.7222,-1343.28,-5.29364e-06
12.551,93.7222,-1343.28,-3.25969e-07
12.561,93.7222,-1343.28,1.78353e-05
12.571,93.7222,-1343.28,1.03951e-05
12.581,93.7222,-1343.28,1.60255e-05
12.591,93.7222,-1343.28,4.85206e-06
12.6009,93.7222,-1343.28,-6.22136e-07
12.6109,93.7222,-1343.28,-5.92171e-06
12.6209,93.7222,-1343.28,-2.24942e-05
12.6309,93.7222,-1343.28,-2.22425e-05
12.6409,93.7224,-1343.29,-1.39692e-05
12.6509,93.7222,-1343.28,-1.08736e-05
12.6609,93.7223,-1343.29,-1.89223e-05
12.6709,93.7222,-1343.28,1.94291e-05
12.6809,93.7223,-1343.29,1.02376e-05
12.6909,93.7221,-1343.28,7.99531e-06
12.7009,93.7223,-1343.29,9.56826e-06
12.7109,93.7221,-1343.28,2.80518e-05
12.7209,93.7222,-1343.28,-2.52871e-05
12.7309,93.7221,-1343.28,-3.78094e-06
12.7409,93.7224,-1343.29,-1.34402e-05
12.7509,93.7221,-1343.28,-1.62463e-05
12.7609,93.7224,-1343.29,-4.22552e-05
12.7709,93.7222,-1343.28,1.49969e-05
12.7809,93.7224,-1343.29,-1.70519e-05
12.7909,93.722,-1343.28,7.19518e-06
12.8009,93.7224,-1343.29,4.00246e-06
12.8109,93.7221,-1343.28,3.83084e-05
12.8209,93.7223,-1343.29,-1.49269e-05
12.8309,93.722,-1343.28,2.41241e-05
12.8409,93.7224,-1343.29,-1.26051e-05
12.8509,93.722,-1343.28,1.62254e-06
12.8609,93.7224,-1343.29,-4.06863e-05
12.8709,93.7221,-1343.28,3.89289e-06
12.8809,93.7225,-1343.29,-3.97066e-05
12.8909,93.7221,-1343.28,7.22487e-06
12.9009,93.7224,-1343.29,-2.27547e-05
12.9109,93.7221,-1343.28,2.62267e-05
12.9209,93.7224,-1343.29,-6.374e-06
12.9309,93.722,-1343.28,3.68301e-05
12.9409,93.7224,-1343.29,-1.56472e-05
12.9509,93.722,-1343.28,3.34821e-05
12.9609,93.7224,-1343.29,-2.30649e-05
12.9709,93.722,-1343.28,1.70152e-07
12.9809,93.7225,-1343.29,-3.83538e-05
12.9909,93.7221,-1343.28,1.1999e-05
13.0009,93.7224,-1343.29,-5.2712e-05
13.0109,93.7221,-1343.28,9.68531e-06
13.0209,93.7225,-1343.29,-1.10483e-05
13.0309,93.722,-1343.28,2.34757e-05
13.0409,93.7224,-1343.29,-2.07657e-05
13.0509,93.7221,-1343.28,5.22847e-05
13.0609,93.7224,-1343.29,-1.01395e-05
13.0709,93.7219,-1343.28,1.2664e-05
13.0809,93.7224,-1343.29,-1.89578e-05
13.0909,93.7221,-1343.28,1.8645e-05
13.1009,93.7224,-1343.29,-5.59088e-05
13.1109,93.7221,-1343.28,1.90492e-06
13.1209,93.7225,-1343.29,-2.67479e-05
13.1309,93.7221,-1343.28,2.72829e-06
13.1409,93.7224,-1343.29,-2.77963e-05
13.1509,93.7221,-1343.28,3.9098e-05
13.1609,93.7224,-1343.29,-9.19909e-06
13.1709,93.722,-1343.28,2.81256e-05
13.1809,93.7223,-1343.29,-2.85019e-06
13.1909,93.7221,-1343.28,2.38855e-05
13.2009,93.7223,-1343.29,-2.71593e-05
13.2109,93.722,-1343.28,5.18551e-06
13.2209,93.7224,-1343.29,-3.73159e-05
13.2309,93.7222,-1343.28,-3.14477e-06
13.2409,93.7224,-1343.29,-3.17344e-05
13.2509,93.7221,-1343.28,1.52014e-06
13.2609,93.7224,-1343.29,-1.31236e-05
13.2709,93.7221,-1343.28,2.78991e-05
13.2809,93.7223,-1343.29,-6.66814e-06
13.2909,93.7221,-1343.28,2.51962e-05
13.3009,93.7223,-1343.29,9.38815e-06
13.3109,93.7221,-1343.28,9.07018e-06
13.3209,93.7223,-1343.28,-2.54871e-05
13.3309,93.7222,-1343.28,7.09515e-06
13.3409,93.7223,-1343.29,-2.70277e-05
13.3509,93.7222,-1343.28,-2.73667e-05
13.3609,93.7224,-1343.29,-1.49622e-05
13.3709,93.7223,-1343.29,7.1799e-06
13.3809,93.7222,-1343.28,-2.01766e-05
13.3909,93.7222,-1343.28,1.42219e-05
13.4009,93.7223,-1343.29,2.51904e-05
13.4109,93.7222,-1343.28,6.5635e-06
13.4209,93.7221,-1343.28,1.39853e-06
13.4309,93.7223,-1343.28,1.74429e-05
13.4409,93.7222,-1343.28,-1.00486e-05
13.4509,93.7222,-1343.28,-2.66243e-05
13.4609,93.7222,-1343.28,-9.62425e-06
13.4709,93.7223,-1343.29,-1.95785e-05
13.4809,93.7222,-1343.28,-2.13732e-05
13.4909,93.7223,-1343.29,-9.60848e-06
13.5009,86.4859,-1239.57,1.06686e-05
13.5109,-493.02,7070.1,-5.64812e-06
13.5209,-1211.65,17416.2,-0.000360239
13.5309,-1256.53,18159.8,-0.000257159
13.5409,-691.722,10086,-0.000162247
13.5509,-25.844,381.053,2.66451e-06
13.5609,366.158,-5462.47,-6.39827e-06
13.5709,406.557,-6133.04,-0.000135079
13.5809,241.707,-3683.64,-1.72689e-05
13.5909,63.8286,-982.136,-2.63468e-05
13.6009,-24.7087,383.821,1.65816e-06
13.6109,-26.5285,416.108,3.78588e-06
13.6209,13.0486,-206.725,2.43304e-06
13.6309,55.2145,-883.695,-1.10364e-05
13.6409,79.0623,-1278.39,3.67455e-05
13.6509,81.7585,-1335.53,3.16104e-06
13.6609,72.2738,-1192.65,9.58392e-06
13.6709,59.5134,-992.074,-1.0749e-05
13.6809,49.6911,-836.789,1.43507e-05
13.6909,45.9986,-782.562,-2.85599e-05
13.7009,46.7057,-802.814,-4.75517e-06
13.7109,49.6646,-862.579,-1.54474e-05
13.7209,53.4758,-938.529,2.51725e-08
13.7309,55.7929,-989.542,-3.05609e-05
13.7409,56.4281,-1011.44,2.77365e-05
13.7509,56.1827,-1017.79,-5.34543e-06
13.7609,54.8341,-1004.02,1.52685e-05
13.7709,53.5833,-991.718,-3.30166e-06
13.7809,53.1997,-995.325,3.01016e-05
13.7909,53.1028,-1004.39,-2.65795e-05
13.8008,53.7521,-1027.87,7.51427e-06
13.8108,54.7654,-1058.87,-2.44716e-05
13.8208,55.1888,-1078.97,-2.38522e-06
13.8308,55.4805,-1096.87,-4.08325e-05
13.8408,55.3655,-1106.99,1.1501e-05
13.8508,54.6462,-1105.05,-2.49696e-05
13.8608,54.2605,-1109.84,1.95213e-05
13.8708,54.01,-1117.49,-1.12642e-05
13.8808,53.8163,-1126.45,3.06682e-05
13.8908,54.1792,-1147.35,-7.64736e-06
13.9008,54.4325,-1166.33,2.50593e-05
13.9108,54.4623,-1180.87,-2.77792e-05
13.9208,54.5551,-1197.07,1.48817e-05
13.9308,54.1985,-1203.62,-3.49755e-05
13.9408,53.7411,-1208.01,-9.53557e-06
13.9508,53.5044,-1217.46,-3.72791e-05
13.9608,53.1058,-1223.35,1.56699e-05
13.9708,52.9619,-1235.27,-3.60199e-05
13.9808,53.0397,-1252.66,1.79055e-05
13.9908,52.8747,-1264.61,3.7581e-06
14.0008,52.812,-1279.29,2.74128e-05
14.0108,52.6656,-1292.22,-2.16674e-05
14.0208,52.2179,-1297.92,3.70673e-05
14.0308,51.9105,-1307.24,-1.82377e-05
14.0408,51.5458,-1315.27,-1.23734e-05
14.0508,51.1244,-1321.98,-3.16994e-05
14.0608,50.961,-1335.56,6.3992e-06
14.0708,50.7045,-1346.97,-5.37627e-05
14.0808,50.424,-1357.96,-1.79757e-06
14.0908,50.2671,-1372.56,-6.95119e-06
14.1008,49.8784,-1381.08,1.05717e-05
14.1108,49.4767,-1389.39,-1.33944e-05
14.1208,49.1462,-1399.88,3.83649e-05
14.1308,48.6505,-1405.83,-2.36216e-06
14.1408,48.27,-1415.24,6.93053e-06
14.1508,47.9477,-1426.58,-1.35872e-05
14.1608,47.5215,-1435.04,-1.52944e-06
14.1708,47.2202,-1447.49,-3.81895e-05
14.1808,46.8564,-1458.29,-1.80664e-05
14.1908,46.3894,-1466.08,-3.1391e-05
14.2008,46.0198,-1477.14,-8.39367e-06
14.2108,45.5373,-1484.78,-1.33212e-05
14.2208,45.0292,-1491.72,4.59676e-06
14.2308,44.6304,-1502.47,7.7556e-06
14.2408,44.1356,-1510.19,2.32419e-05
14.2508,43.6793,-1519.41,-2.04951e-07
14.2608,43.2782,-1530.8,6.45317e-08
14.2708,42.7714,-1538.66,3.71343e-06
14.2808,42.3158,-1548.57,-2.42758e-05
14.2908,41.8416,-1558.03,-3.87069e-05
14.3008,41.2832,-1564.52,-1.75196e-05
14.3108,40.8031,-1574.16,-1.84117e-05
14.3208,40.2782,-1582.27,-4.2774e-05
14.3308,39.7208,-1589.28,7.18552e-06
14.3408,39.2453,-1599.77,1.1649e-05
14.3508,38.7053,-1607.87,-3.53425e-07
14.3608,38.1627,-1616.04,1.81524e-06
14.3708,37.6609,-1626.18,4.02892e-05
14.3808,37.0834,-1633.27,-2.18615e-05
14.3908,36.5309,-1641.63,-1.17085e-05
14.4008,35.9823,-1650.4,-1.77168e-05
14.4108,35.377,-1656.74,-1.54261e-05
14.4208,34.8249,-1665.76,-6.50469e-05
14.4308,34.2514,-1674,-2.59406e-06
14.4408,33.6458,-1680.85,-2.82487e-05
14.4508,33.0912,-1690.47,-2.06087e-06
14.4608,32.4936,-1698.14,-1.5774e-05
14.4708,31.8846,-1705.41,4.17878e-05
14.4808,31.3043,-1714.44,-1.39893e-05
14.4908,30.6766,-1721.1,2.73804e-05
14.5008,30.0638,-1728.78,-2.07339e-05
14.5108,29.4573,-1737.05,1.01979e-05
14.5208,28.8142,-1743.37,-5.11377e-05
14.5308,28.2032,-1751.85,-9.88592e-06
14.5408,27.5778,-1759.69,-6.41031e-05
14.5508,26.9283,-1766.2,4.41772e-06
14.5608,26.3089,-1774.93,-5.24999e-05
14.5708,25.6614,-1782.02,1.19108e-05
14.5808,25.006,-1788.76,-1.37588e-05
14.5908,24.3678,-1796.99,4.48124e-05
14.6008,23.7012,-1803.36,-3.59749e-05
14.6108,23.0441,-1810.68,4.76705e-05
14.6208,22.3891,-1818.42,-2.19762e-05
14.6308,21.7115,-1824.57,-4.44408e-06
14.6408,21.0524,-1832.53,-6.43165e-05
14.6508,20.3816,-1839.76,1.86918e-05
14.6608,19.6967,-1845.95,-8.49373e-05
14.6708,19.0279,-1853.94,-1.39429e-05
14.6808,18.3414,-1860.5,-3.28792e-05
14.6908,17.6515,-1866.96,2.66455e-05
14.7008,16.9694,-1874.55,-5.39232e-05
14.7108,16.271,-1880.63,6.03367e-05
14.7208,15.5785,-1887.68,-9.63006e-06
14.7308,14.8839,-1894.8,1.81949e-05
14.7408,14.1774,-1900.72,-3.90887e-05
14.7508,13.48,-1908.2,3.23089e-05
14.7608,12.7738,-1914.81,-8.02109e-05
14.7708,12.0611,-1920.77,-1.38255e-05
14.7808,11.355,-1928.16,-6.08382e-05
14.7908,10.6388,-1934.24,-3.78898e-06
14.8008,9.92177,-1940.55,-6.3873e-05
14.8108,9.20586,-1947.53,2.94879e-05
14.8208,8.48223,-1953.32,-2.65811e-05
14.8308,7.76096,-1960.12,4.10807e-05
14.8408,7.03624,-1966.62,-2.12535e-05
14.8508,6.30682,-1972.33,3.21216e-05
14.8608,5.57963,-1979.37,-3.33719e-05
14.8708,4.84745,-1985.4,5.72905e-06
14.8808,4.11312,-1991.23,-7.53802e-05
14.8908,3.37889,-1998.06,-9.85137e-06
14.9008,2.64087,-2003.74,-6.09572e-05
14.9108,1.90185,-2009.92,-2.63806e-05
14.9208,1.16116,-2016.3,-4.97835e-05
14.9308,0.418394,-2021.84,3.52258e-05
14.9408,-0.325843,-2028.38,-3.12918e-05
14.9508,-1.07175,-2034.29,1.73265e-05
14.9608,-1.81887,-2039.85,1.34967e-05
14.9708,-2.56856,-2046.45,2.09432e-05
14.9808,-3.31853,-2051.99,-5.66245e-05
14.9908,-4.07013,-2057.74,7.36126e-06
15.0007,-4.82432,-2064.01,-4.13244e-05
15.0107,-5.57777,-2069.38,-6.10414e-05
15.0207,-6.33436,-2075.43,-5.60137e-05
15.0307,-7.0916,-2081.22,-2.00285e-06
15.0407,-7.84857,-2086.59,-5.40309e-05
15.0507,-8.61016,-2092.83,-1.02386e-05
15.0607,-9.36952,-2098.21,1.92715e-05
15.0707,-10.1303,-2103.69,1.11358e-05
15.0807,-10.8955,-2109.81,-1.29286e-05
15.0907,-11.657,-2114.99,1.60417e-05
15.1007,-12.422,-2120.64,-1.14796e-05
15.1107,-13.1886,-2126.35,-4.42448e-05
15.1207,-13.9528,-2131.53,-4.05598e-05
15.1307,-14.7224,-2137.37,-4.63346e-05
15.1407,-15.489,-2142.62,-4.93431e-05
15.1507,-16.2566,-2147.91,-4.75357e-05
15.1607,-17.0295,-2153.77,-1.7266e-05
15.1707,-17.7964,-2158.75,-1.63602e-05
15.1807,-18.5675,-2164.16,1.68335e-05
15.1907,-19.3412,-2169.76,-1.02136e-05
15.2007,-20.1099,-2174.72,1.95126e-05
15.2107,-20.8844,-2180.22,-4.65835e-06
15.2207,-21.6566,-2185.4,-1.18557e-05
15.2307,-22.4285,-2190.5,-6.47186e-05
15.2407,-23.2057,-2196.03,-7.99634e-06
15.2507,-23.9761,-2200.86,-7.60979e-05
15.2607,-24.7514,-2206.1,-5.37634e-05
15.2707,-25.5293,-2211.5,-4.66169e-05
15.2807,-26.2999,-2216.23,1.27322e-05
15.2907,-27.0776,-2221.52,-6.50924e-05
15.3007,-27.8536,-2226.61,3.55802e-05
15.3107,-28.6271,-2231.48,6.31549e-06
15.3207,-29.4059,-2236.72,1.25023e-05
15.3307,-30.1786,-2241.47,-4.94623e-05
15.3407,-30.9559,-2246.53,3.97416e-05
15.3507,-31.7347,-2251.67,-7.97865e-05
15.3607,-32.5056,-2256.23,-4.16011e-05
15.3707,-33.2852,-2261.37,-7.18887e-05
15.3807,-34.0621,-2266.3,-8.85944e-06
15.3907,-34.8347,-2270.94,-0.000105098
15.4007,-35.6139,-2275.99,1.89853e-05
15.4107,-36.3875,-2280.66,-3.28073e-05
15.4207,-37.1639,-2285.5,2.6988e-05
15.4307,-37.9412,-2290.38,-3.70996e-05
15.4407,-38.7118,-2294.86,5.7439e-05
15.4507,-39.4911,-2299.84,-5.56555e-05
15.4607,-40.2658,-2304.54,1.17738e-05
15.4707,-41.0363,-2309.01,-8.36026e-05
15.4807,-41.8148,-2313.92,-1.22888e-05
15.4907,-42.5868,-2318.47,-0.000101843
15.5007,-43.3599,-2323.08,-1.66634e-05
15.5107,-44.1348,-2327.78,-9.41202e-05
15.5207,-44.904,-2332.19,3.01269e-05
15.5307,-45.6802,-2336.97,-5.72331e-05
15.5407,-46.4506,-2341.45,3.0441e-05
15.5507,-47.2185,-2345.81,-2.43404e-05
15.5607,-47.9945,-2350.58,5.59943e-05
15.5707,-48.7619,-2354.94,-8.20113e-05
15.5807,-49.5306,-2359.37,1.96288e-05
15.5907,-50.3022,-2363.95,-6.73639e-05
15.6007,-51.0679,-2368.26,-3.83072e-05
15.6107,-51.8387,-2372.81,-0.000120366
15.6207,-52.6039,-2377.12,1.64849e-05
15.6307,-53.3687,-2381.43,-9.68406e-05
15.6407,-54.1395,-2386.02,-1.37038e-05
15.6507,-54.9002,-2390.17,-2.53075e-05
15.6607,-55.6643,-2394.5,5.23094e-05
15.6707,-56.4311,-2398.95,-6.86949e-05
15.6807,-57.1906,-2403.1,4.95877e-05
15.6907,-57.9545,-2407.46,-3.10478e-05
15.7007,-58.7142,-2411.66,-2.21632e-05
15.7107,-59.4741,-2415.89,-9.30705e-05
15.7207,-60.237,-2420.26,-4.42057e-06
15.7307,-60.9905,-2424.27,-0.000112498
15.7407,-61.7497,-2428.53,-4.0944e-05
15.7507,-62.5092,-2432.82,-6.42496e-05
15.7607,-63.2604,-2436.81,3.63406e-06
15.7707,-64.0173,-2441.03,-5.03472e-05
15.7807,-64.7706,-2445.14,3.12683e-05
15.7907,-65.5229,-2449.24,-2.0305e-05
15.8007,-66.2762,-2453.4,2.10432e-05
15.8107,-67.0227,-2457.33,-4.49662e-05
15.8207,-67.7755,-2461.51,-2.11841e-05
15.8307,-68.5249,-2465.59,-6.98526e-05
15.8407,-69.2674,-2469.46,-4.44098e-05
15.8507,-70.0173,-2473.6,-0.000103289
15.8607,-70.7617,-2477.59,-4.40965e-05
15.8707,-71.5043,-2481.53,-4.35185e-05
15.8807,-72.2482,-2485.54,-3.51492e-05
15.8907,-72.9871,-2489.41,-3.23787e-05
15.9007,-73.7307,-2493.46,3.75662e-05
15.9107,-74.4683,-2497.35,-1.44283e-05
15.9207,-75.2028,-2501.15,-2.91494e-05
15.9307,-75.9441,-2505.21,2.26872e-06
15.9407,-76.6771,-2509.02,-3.22822e-05
15.9507,-77.4094,-2512.84,-9.65971e-05
15.9607,-78.1439,-2516.75,-5.9717e-05
15.9707,-78.8735,-2520.54,-4.33101e-05
15.9807,-79.6054,-2524.43,-0.000103173
15.9907,-80.3315,-2528.17,-4.63161e-05
16.0007,-81.0577,-2531.94,-6.81372e-06
16.0107,-81.7875,-2535.86,-1.59753e-05
16.0207,-82.5077,-2539.5,-3.52566e-05
16.0307,-83.2305,-2543.26,4.04493e-05
16.0407,-83.9543,-2547.08,-2.49293e-05
16.0507,-84.6719,-2550.74,-3.12302e-05
16.0607,-85.3915,-2554.5,-5.70486e-05
16.0707,-86.1066,-2558.15,-3.10037e-05
16.0807,-86.8227,-2561.86,-0.000115074
16.0907,-87.5387,-2565.6,-5.13729e-05
16.1007,-88.2465,-2569.14,-8.65066e-05
16.1107,-88.9592,-2572.85,-2.40328e-05
16.1207,-89.67,-2576.54,-6.24924e-05
16.1307,-90.3745,-2580.08,1.75445e-05
16.1407,-91.0817,-2583.73,-3.53838e-05
16.1507,-91.7851,-2587.31,4.12991e-05
16.1607,-92.4889,-2590.93,-6.09313e-05
16.1707,-93.19,-2594.51,1.15752e-06
16.1807,-93.886,-2597.98,-7.10147e-05
16.1907,-94.5873,-2601.63,-3.68126e-05
16.2006,-95.2827,-2605.16,-0.000143233
16.2106,-95.974,-2608.61,-1.16205e-05
16.2206,-96.669,-2612.19,-0.000107326
16.2306,-97.3589,-2615.68,-3.84354e-05
16.2406,-98.0484,-2619.18,-6.24829e-05
16.2506,-98.7348,-2622.64,5.96054e-05
16.2606,-99.4189,-2626.08,-8.51908e-05
16.2706,-100.106,-2629.63,3.91403e-05
16.2806,-100.785,-2633.01,-2.98738e-05
16.2906,-101.464,-2636.41,-3.44076e-06
16.3006,-102.145,-2639.92,-0.00013316
16.3106,-102.82,-2643.29,1.16975e-05
16.3206,-103.495,-2646.69,-0.000134288
16.3306,-104.167,-2650.07,-6.39579e-05
16.3406,-104.838,-2653.46,-0.000104905
16.3506,-105.508,-2656.88,1.94165e-05
16.3606,-106.172,-2660.15,-0.000113134
16.3706,-106.838,-2663.53,4.13778e-05
16.3806,-107.503,-2666.93,-3.75935e-05
16.3906,-108.161,-2670.18,3.23505e-05
16.4006,-108.821,-2673.51,-8.13295e-05
16.4106,-109.479,-2676.83,2.5509e-05
16.4206,-110.134,-2680.13,-0.000115875
16.4306,-110.788,-2683.43,-3.0834e-05
16.4406,-111.437,-2686.64,-0.000140384
16.4506,-112.089,-2689.98,-3.3901e-05
16.4606,-112.736,-2693.24,-0.00011701
16.4706,-113.378,-2696.42,-7.73477e-06
16.4806,-114.023,-2699.71,-9.15338e-05
16.4906,-114.664,-2702.93,4.93955e-05
16.5006,-115.303,-2706.14,-5.15961e-05
16.5106,-115.939,-2709.34,1.35014e-05
16.5206,-116.573,-2712.53,-5.81182e-05
16.5306,-117.208,-2715.78,2.08055e-05
16.5406,-117.837,-2718.91,-0.000138813
16.5506,-118.464,-2722.06,-4.58473e-05
16.5606,-119.093,-2725.29,-9.74173e-05
16.5706,-119.715,-2728.41,-6.79901e-05
16.5806,-120.337,-2731.54,-0.000138669
16.5906,-120.957,-2734.68,2.10907e-05
16.6006,-121.574,-2737.82,-6.69648e-05
16.6106,-122.191,-2740.96,-2.13763e-05
16.6206,-122.801,-2744.01,-1.55537e-05
16.6306,-123.413,-2747.14,3.89976e-05
16.6406,-124.024,-2750.27,-9.46375e-05
16.6506,-124.628,-2753.3,-1.83764e-05
16.6606,-125.232,-2756.39,-6.5191e-05
16.6706,-125.834,-2759.46,-8.79951e-05
16.6806,-126.434,-2762.53,-0.000130384
16.6906,-127.031,-2765.58,-4.53276e-05
16.7006,-127.624,-2768.58,-9.75346e-05
16.7106,-128.219,-2771.67,-5.75709e-05
16.7206,-128.81,-2774.69,-3.41633e-05
16.7306,-129.395,-2777.66,8.61226e-07
16.7406,-129.983,-2780.71,-2.96886e-05
16.7506,-130.566,-2783.72,-8.88501e-06
16.7606,-131.147,-2786.7,-3.38891e-05
16.7706,-131.725,-2789.68,-4.96886e-05
16.7806,-132.3,-2792.65,-7.71518e-05
16.7906,-132.876,-2795.67,-0.000104077
16.8006,-133.446,-2798.6,-8.93932e-05
16.8106,-134.014,-2801.54,-8.73556e-05
16.8206,-134.582,-2804.53,-8.89881e-05
16.8306,-135.146,-2807.46,-6.87214e-05
16.8406,-135.707,-2810.38,7.02984e-06
16.8506,-136.266,-2813.31,-4.97561e-05
16.8606,-136.823,-2816.24,-1.72145e-05
16.8706,-137.378,-2819.17,-2.70002e-06
16.8806,-137.927,-2822.03,-1.64814e-05
16.8906,-138.478,-2824.96,-0.000120418
16.9006,-139.026,-2827.88,-2.98041e-05
16.9106,-139.568,-2830.73,-0.000103496
16.9206,-140.11,-2833.61,-0.000115604
16.9306,-140.649,-2836.49,-0.000121898
16.9406,-141.186,-2839.37,-8.62441e-06
16.9506,-141.72,-2842.22,-0.000119992
16.9606,-142.25,-2845.05,-1.53903e-05
16.9706,-142.781,-2847.94,-1.93301e-05
16.9806,-143.307,-2850.77,1.85164e-05
16.9906,-143.828,-2853.57,-9.49152e-05
17.0006,-144.351,-2856.43,2.71273e-05
17.0106,-144.869,-2859.25,-9.83554e-05
17.0206,-145.385,-2862.06,-6.73989e-05
17.0306,-145.897,-2864.86,-0.000143778
17.0406,-146.408,-2867.66,-4.13648e-05
17.0506,-146.917,-2870.49,-0.000162545
17.0606,-147.421,-2873.25,-3.12249e-05
17.0706,-147.923,-2876.03,-0.000103281
17.0806,-148.424,-2878.84,1.85819e-05
17.0906,-148.921,-2881.6,-7.43246e-05
17.1006,-149.415,-2884.36,3.28343e-05
17.1106,-149.906,-2887.12,-8.37992e-05
17.1206,-150.396,-2889.9,2.72104e-05
17.1306,-150.882,-2892.65,-0.000140335
17.1406,-151.364,-2895.36,-4.5765e-05
17.1506,-151.846,-2898.13,-0.00014145
17.1606,-152.324,-2900.88,-5.21912e-05
17.1706,-152.798,-2903.58,-0.000191689
17.1806,-153.271,-2906.31,2.83511e-06
17.1906,-153.74,-2909.03,-0.000100727
17.2006,-154.208,-2911.76,-1.27466e-05
17.2106,-154.671,-2914.46,-7.77506e-05
17.2206,-155.131,-2917.15,8.01683e-05
17.2306,-155.591,-2919.88,-0.00012265
17.2406,-156.046,-2922.56,-8.65616e-06
17.2506,-156.498,-2925.24,-9.11684e-05
17.2606,-156.948,-2927.94,-4.70964e-05
17.2706,-157.395,-2930.62,-0.000209829
17.2806,-157.839,-2933.3,-2.00059e-05
17.2906,-158.279,-2935.95,-0.000148562
17.3006,-158.717,-2938.63,-6.4962e-05
17.3106,-159.154,-2941.31,-0.00010251
17.3206,-159.585,-2943.94,4.64648e-05
17.3306,-160.014,-2946.6,-0.000105447
17.3406,-160.441,-2949.26,2.65587e-05
17.3506,-160.864,-2951.9,-6.38903e-05
17.3606,-161.285,-2954.54,-1.16751e-05
17.3706,-161.701,-2957.16,-0.00014266
17.3806,-162.117,-2959.82,-4.43135e-05
17.3906,-162.528,-2962.44,-0.000161924
17.4005,-162.936,-2965.04,-7.39617e-05
17.4105,-163.342,-2967.68,-0.000152949
17.4205,-163.745,-2970.3,-4.26391e-05
17.4305,-164.144,-2972.9,-9.03385e-05
17.4405,-164.54,-2975.51,2.96913e-08
17.4505,-164.933,-2978.12,-7.89567e-05
17.4605,-165.324,-2980.73,2.58167e-05
17.4705,-165.711,-2983.31,-5.93134e-05
17.4805,-166.095,-2985.9,-5.82328e-05
17.4905,-166.477,-2988.51,-0.000111291
17.5005,-166.854,-2991.09,-4.7906e-05
17.5105,-167.228,-2993.67,-0.000175581
17.5205,-167.6,-2996.25,-0.000114842
17.5305,-167.969,-2998.83,-8.38076e-05
17.5405,-168.335,-3001.41,-7.85341e-05
17.5505,-168.696,-3003.96,-0.00011514
17.5605,-169.056,-3006.54,1.47015e-05
17.5705,-169.412,-3009.11,-2.48979e-05
17.5805,-169.764,-3011.65,-6.60075e-05
17.5905,-170.114,-3014.22,-3.19288e-05
17.6005,-170.46,-3016.78,-2.79791e-05
17.6105,-170.803,-3019.33,-0.000130986
17.6205,-171.143,-3021.87,-0.000122302
17.6305,-171.479,-3024.42,-8.49497e-05
17.6405,-171.813,-3026.98,-0.000144757
17.6505,-172.143,-3029.51,-0.000124848
17.6605,-172.469,-3032.04,-7.05835e-05
17.6705,-172.794,-3034.59,-4.36125e-05
17.6805,-173.113,-3037.11,-7.63607e-05
17.6905,-173.431,-3039.65,-2.23937e-06
17.7005,-173.744,-3042.17,-4.1921e-05
17.7105,-174.054,-3044.7,-3.31475e-05
17.7205,-174.362,-3047.23,-9.70362e-05
17.7305,-174.665,-3049.74,-7.06536e-05
17.7405,-174.965,-3052.26,-0.000145125
17.7505,-175.263,-3054.78,-9.35034e-05
17.7605,-175.556,-3057.29,-0.000176292
17.7705,-175.846,-3059.81,-7.1744e-05
17.7805,-176.133,-3062.31,-0.000104089
17.7905,-176.416,-3064.83,-4.26277e-05
17.8005,-176.696,-3067.33,-9.45558e-05
17.8105,-176.972,-3069.83,4.99825e-05
17.8205,-177.246,-3072.34,-9.33265e-05
17.8305,-177.515,-3074.84,-3.66359e-05
17.8405,-177.781,-3077.34,-9.0663e-05
17.8505,-178.044,-3079.84,-4.05386e-05
17.8605,-178.303,-3082.33,-0.000224949
17.8705,-178.559,-3084.84,-6.09112e-05
17.8805,-178.811,-3087.33,-0.000150965
17.8905,-179.06,-3089.81,-9.74033e-05
17.9005,-179.305,-3092.31,-0.000156758
17.9105,-179.547,-3094.8,4.65337e-05
17.9205,-179.785,-3097.28,-0.000124968
17.9305,-180.019,-3099.77,-1.71785e-06
17.9405,-180.25,-3102.26,-6.22973e-05
17.9505,-180.478,-3104.75,1.21734e-05
17.9605,-180.701,-3107.22,-0.000186829
17.9705,-180.921,-3109.71,-2.29396e-05
17.9805,-181.138,-3112.19,-0.000178763
17.9905,-181.35,-3114.67,-9.78929e-05
18.0005,-181.56,-3117.15,-0.000200782
18.0105,-181.765,-3119.63,-2.89408e-05
18.0205,-181.967,-3122.11,-0.000167087
18.0305,-182.165,-3124.59,2.15881e-06
18.0405,-182.359,-3127.06,-0.000109191
18.0505,-182.55,-3129.54,3.58168e-05
18.0605,-182.737,-3132.01,-0.000106831
18.0705,-182.92,-3134.49,-2.4087e-06
18.0805,-183.1,-3136.97,-0.000161528
18.0905,-183.276,-3139.44,-2.72297e-05
18.1005,-183.448,-3141.92,-0.000213056
18.1105,-183.616,-3144.39,-9.76316e-05
18.1205,-183.78,-3146.86,-0.000176128
18.1305,-183.941,-3149.34,-4.23816e-05
18.1405,-184.097,-3151.81,-0.000193904
18.1505,-184.251,-3154.29,1.7369e-05
18.1605,-184.4,-3156.76,-7.40115e-05
18.1705,-184.545,-3159.23,-1.75161e-05
18.1805,-184.686,-3161.71,-0.000115493
18.1905,-184.824,-3164.19,4.27941e-05
18.2005,-184.957,-3166.65,-0.000178162
18.2105,-185.087,-3169.14,-0.000100741
18.2205,-185.213,-3171.62,-0.00014749
18.2305,-185.334,-3174.09,-9.25494e-05
18.2405,-185.451,-3176.56,-0.000238987
18.2505,-185.566,-3179.05,-3.99323e-05
18.2605,-185.676,-3181.53,-0.000112902
18.2705,-185.781,-3183.99,-6.00898e-05
18.2805,-185.883,-3186.48,-8.6665e-05
18.2905,-185.981,-3188.97,3.38998e-05
18.3005,-186.074,-3191.44,-0.000110905
18.3105,-186.164,-3193.92,-4.99471e-05
18.3205,-186.25,-3196.4,-0.00011277
18.3305,-186.332,-3198.89,-9.74127e-05
18.3405,-186.409,-3201.37,-0.000191271
18.3505,-186.482,-3203.85,-0.000118403
18.3605,-186.552,-3206.35,-0.000162922
18.3705,-186.617,-3208.84,-9.83447e-05
18.3805,-186.677,-3211.32,-0.000114654
18.3905,-186.734,-3213.81,-5.45503e-05
18.4005,-186.787,-3216.32,-4.96438e-05
18.4105,-186.835,-3218.81,-2.73632e-05
18.4205,-186.878,-3221.29,-8.87921e-05
18.4305,-186.918,-3223.8,-5.98759e-05
18.4405,-186.955,-3226.31,-8.63601e-05
18.4505,-186.985,-3228.79,-0.000168163
18.4605,-187.012,-3231.3,-0.000156538
18.4705,-187.035,-3233.81,-0.000116245
18.4805,-187.054,-3236.32,-0.000163059
18.4905,-187.067,-3238.82,-0.000163593
18.5005,-187.077,-3241.33,-3.05307e-05
18.5105,-187.083,-3243.85,-8.17548e-05
18.5205,-187.084,-3246.37,-8.16641e-05
18.5305,-187.08,-3248.87,-3.503e-05
18.5405,-187.072,-3251.4,-6.87375e-06
18.5505,-187.06,-3253.93,-0.000161458
18.5605,-187.043,-3256.45,-8.11715e-05
18.5705,-187.021,-3258.97,-0.000127575
18.5805,-186.996,-3261.5,-0.000155527
18.5905,-186.967,-3264.05,-0.000219849
18.6004,-186.931,-3266.57,-6.65732e-05
18.6104,-186.891,-3269.1,-0.000170713
18.6204,-186.849,-3271.66,-8.12787e-05
18.6304,-186.8,-3274.21,-9.04783e-05
18.6404,-186.746,-3276.74,8.44098e-06
18.6504,-186.689,-3279.29,-0.000123914
18.6604,-186.628,-3281.86,-6.81733e-06
18.6704,-186.56,-3284.41,-0.000136025
18.6804,-186.488,-3286.95,-6.86024e-05
18.6904,-186.412,-3289.53,-0.000207413
18.7004,-186.332,-3292.11,-0.000108437
18.7104,-186.246,-3294.66,-0.000222186
18.7204,-186.155,-3297.23,-7.46949e-05
18.7304,-186.06,-3299.82,-0.000211058
18.7404,-185.961,-3302.41,-2.85918e-05
18.7504,-185.855,-3304.98,-0.000107188
18.7604,-185.745,-3307.56,-3.59684e-06
18.7704,-185.632,-3310.18,-0.00014863
18.7804,-185.513,-3312.77,4.34694e-05
18.7904,-185.387,-3315.35,-0.000171606
18.8004,-185.259,-3317.97,-9.86083e-05
18.8104,-185.126,-3320.59,-0.000198357
18.8204,-184.986,-3323.2,-6.4913e-05
18.8304,-184.841,-3325.79,-0.000298506
18.8404,-184.694,-3328.44,-7.11135e-05
18.8504,-184.54,-3331.08,-0.00015211
18.8604,-184.38,-3333.68,-5.63931e-05
18.8704,-184.216,-3336.32,-0.000174111
18.8804,-184.048,-3338.98,7.74667e-05
18.8904,-183.874,-3341.63,-0.00014674
18.9004,-183.693,-3344.26,-4.17639e-05
18.9104,-183.509,-3346.92,-0.000143238
18.9204,-183.321,-3349.6,-4.21456e-05
18.9304,-183.125,-3352.25,-0.000279704
18.9404,-182.924,-3354.91,-8.68727e-05
18.9504,-182.72,-3357.6,-0.000223302
18.9604,-182.51,-3360.3,-0.000103531
18.9704,-182.293,-3362.97,-0.000207338
18.9804,-182.071,-3365.65,-7.15089e-06
18.9904,-181.846,-3368.37,-0.000145895
19.0004,-181.615,-3371.09,6.20433e-06
19.0104,-181.376,-3373.77,-0.000131807
19.0204,-181.134,-3376.49,-1.10008e-05
19.0304,-180.887,-3379.24,-0.000167333
19.0404,-180.633,-3381.96,-8.79226e-05
19.0504,-180.373,-3384.67,-0.0002417
19.0604,-180.109,-3387.43,-9.55664e-05
19.0704,-179.84,-3390.19,-0.000237426
19.0804,-179.564,-3392.93,-0.000134251
19.0904,-179.281,-3395.67,-0.000158849
19.1004,-178.996,-3398.47,-2.13467e-05
19.1104,-178.704,-3401.25,-0.000170226
19.1204,-178.405,-3404.01,-7.54671e-06
19.1304,-178.1,-3406.79,-6.24621e-05
19.1404,-177.792,-3409.61,-8.44645e-05
19.1504,-177.477,-3412.42,-0.000183097
19.1604,-177.154,-3415.2,-5.18789e-05
19.1704,-176.828,-3418.02,-0.000224853
19.1804,-176.497,-3420.88,-0.000204075
19.1904,-176.157,-3423.69,-0.00016432
19.2004,-175.811,-3426.51,-0.00011609
19.2104,-175.462,-3429.38,-0.000209468
19.2204,-175.106,-3432.25,-6.0137e-05
19.2304,-174.743,-3435.09,-5.37662e-05
19.2404,-174.373,-3437.95,-8.77126e-05
19.2504,-174,-3440.86,-9.39189e-05
19.2604,-173.62,-3443.76,-4.55501e-05
19.2704,-173.232,-3446.62,-0.000143526
19.2804,-172.839,-3449.52,-0.000177427
19.2904,-172.441,-3452.47,-0.000159981
19.3004,-172.036,-3455.38,-0.000191389
19.3104,-171.622,-3458.28,-0.000193638
19.3204,-171.205,-3461.24,-0.000169572
19.3304,-170.783,-3464.22,-0.000116378
19.3404,-170.351,-3467.15,-0.000112678
19.3504,-169.913,-3470.1,-5.78615e-05
19.3604,-169.471,-3473.11,-0.000104491
19.3704,-169.022,-3476.11,-3.64198e-05
19.3804,-168.564,-3479.06,-0.000113819
19.3904,-168.101,-3482.07,-0.000134094
19.4004,-167.633,-3485.12,-0.000193263
19.4104,-167.157,-3488.14,-0.00011386
19.4204,-166.672,-3491.14,-0.000273733
19.4304,-166.184,-3494.2,-0.000166039
19.4404,-165.689,-3497.29,-0.000157729
19.4504,-165.185,-3500.33,-0.00010055
19.4604,-164.674,-3503.38,-0.000200206
19.4704,-164.159,-3506.51,2.33565e-05
19.4804,-163.637,-3509.62,-0.000109151
19.4904,-163.105,-3512.7,-8.33972e-05
19.5004,-162.567,-3515.81,-0.000146871
19.5104,-162.024,-3518.98,-2.92518e-05
19.5204,-161.473,-3522.12,-0.000289529
19.5304,-160.913,-3525.24,-0.000142237
19.5404,-160.348,-3528.42,-0.000217362
19.5504,-159.777,-3531.64,-0.000144878
19.5604,-159.196,-3534.8,-0.000278778
19.5704,-158.607,-3537.98,-1.67142e-05
19.5804,-158.014,-3541.22,-0.000175416
19.5904,-157.413,-3544.47,-3.91145e-05
19.6004,-156.802,-3547.68,-0.000137202
19.6104,-156.185,-3550.92,1.11358e-05
19.6204,-155.562,-3554.21,-0.000216045
19.6304,-154.931,-3557.51,-6.45192e-05
19.6404,-154.29,-3560.75,-0.000258931
19.6504,-153.643,-3564.06,-0.00011778
19.6604,-152.99,-3567.42,-0.000295627
19.6704,-152.327,-3570.75,-0.000122079
19.6804,-151.655,-3574.05,-0.000253697
19.6904,-150.978,-3577.43,-2.9644e-05
19.7004,-150.294,-3580.84,-0.000215627
19.7104,-149.598,-3584.2,-5.39606e-06
19.7204,-148.895,-3587.57,-0.000129494
19.7304,-148.187,-3591.03,-1.68448e-05
19.7404,-147.47,-3594.48,-0.000247939
19.7504,-146.742,-3597.88,-2.72314e-05
19.7604,-146.007,-3601.33,-0.000261301
19.7704,-145.266,-3604.86,-0.000182881
19.7804,-144.515,-3608.35,-0.000280741
19.7904,-143.754,-3611.81,-6.75442e-05
19.8003,-142.987,-3615.35,-0.000314521
19.8103,-142.212,-3618.93,-6.81795e-05
19.8203,-141.426,-3622.46,-0.000122285
19.8303,-140.631,-3626,-3.61158e-05
19.8403,-139.831,-3629.62,-0.000206899
19.8503,-139.021,-3633.26,3.68688e-05
19.8603,-138.199,-3636.84,-0.000201632
19.8703,-137.37,-3640.46,-0.000145817
19.8803,-136.535,-3644.17,-0.000241216
19.8903,-135.688,-3647.85,-0.000120245
19.9003,-134.83,-3651.48,-0.000331812
19.9103,-133.966,-3655.21,-0.000139909
19.9203,-133.094,-3658.99,-0.00020896
19.9303,-132.21,-3662.71,-9.5026e-05
19.9403,-131.316,-3666.43,-0.000180591
19.9503,-130.415,-3670.26,-1.76088e-05
19.9603,-129.505,-3674.09,-0.000140128
19.9703,-128.583,-3677.87,-5.99754e-05
19.9803,-127.651,-3681.69,-0.000188888
19.9903,-126.712,-3685.6,-0.000131164
20.0003,-125.763,-3689.5,-0.000234698
20.0103,-124.801,-3693.35,-0.000195291
20.0203,-123.831,-3697.27,-0.000286909
20.0303,-122.853,-3701.27,-0.000150117
20.0403,-121.862,-3705.22,-0.000197018
20.0503,-120.86,-3709.15,-0.000162796
20.0603,-119.851,-3713.19,-0.000113425
20.0703,-118.832,-3717.26,-3.14928e-05
20.0803,-117.799,-3721.27,-0.000162117
20.0903,-116.756,-3725.31,-0.00011037
20.1003,-115.706,-3729.46,-9.01389e-05
20.1103,-114.643,-3733.59,-0.000213455
20.1203,-113.568,-3737.68,-0.000263333
20.1303,-112.483,-3741.84,-0.000173426
20.1403,-111.389,-3746.08,-0.000226537
20.1503,-110.282,-3750.28,-0.000289425
20.1603,-109.163,-3754.47,-0.000131116
20.1703,-108.034,-3758.75,-0.000123002
20.1803,-106.895,-3763.08,-0.000152449
20.1903,-105.743,-3767.36,-0.00011853
20.2003,-104.578,-3771.65,-1.88878e-05
20.2103,-103.404,-3776.06,-0.000184257
20.2203,-102.219,-3780.48,-0.000147252
20.2303,-101.019,-3784.84,-0.000189482
20.2403,-99.8075,-3789.26,-0.000190333
20.2503,-98.5865,-3793.78,-0.000317711
20.2603,-97.352,-3798.28,-0.000175447
20.2703,-96.1033,-3802.74,-0.000262896
20.2803,-94.8443,-3807.3,-0.00014292
20.2903,-93.5738,-3811.94,-0.000203571
20.3003,-92.2886,-3816.52,-5.78413e-05
20.3103,-90.99,-3821.09,-0.000154515
20.3203,-89.681,-3825.81,-3.49552e-05
20.3303,-88.3588,-3830.54,-0.000222826
20.3403,-87.0214,-3835.21,-7.92431e-05
20.3503,-85.6713,-3839.93,-0.000253362
20.3603,-84.3099,-3844.78,-0.00019967
20.3703,-82.9339,-3849.61,-0.000337417
20.3803,-81.5427,-3854.39,-0.000114861
20.3903,-80.1389,-3859.27,-0.00033967
20.4003,-78.7228,-3864.25,-0.000140854
20.4103,-77.2908,-3869.17,-0.000177957
20.4203,-75.8439,-3874.09,-2.6476e-05
20.4303,-74.3845,-3879.13,-0.000263667
20.4403,-72.9112,-3884.24,2.36745e-05
20.4503,-71.4209,-3889.26,-0.000190492
20.4603,-69.9164,-3894.33,-0.000149764
20.4703,-68.3988,-3899.55,-0.000310793
20.4803,-66.8654,-3904.76,-8.08441e-05
20.4903,-65.315,-3909.9,-0.000410279
20.5003,-63.7507,-3915.16,-0.000188297
20.5103,-62.1719,-3920.53,-0.000266658
20.5203,-60.576,-3925.85,-0.000101011
20.5303,-58.9633,-3931.15,-0.000305424
20.5403,-57.3364,-3936.59,2.00165e-05
20.5503,-55.6934,-3942.1,-0.000196792
20.5603,-54.0325,-3947.54,-5.45955e-05
20.5703,-52.3551,-3953.02,-0.000241533
20.5803,-50.6625,-3958.65,-6.26408e-05
20.5903,-48.9523,-3964.29,-0.000344625
20.6003,-47.2239,-3969.88,-0.000162545
20.6103,-45.4788,-3975.55,-0.00036936
20.6203,-43.7172,-3981.37,-0.000158546
20.6303,-41.9369,-3987.14,-0.000330682
20.6403,-40.1381,-3992.9,-0.000114211
20.6503,-38.3221,-3998.79,-0.000253474
20.6603,-36.4882,-4004.78,-1.86453e-06
20.6703,-34.6345,-4010.69,-0.000230247
20.6803,-32.7622,-4016.64,-6.1231e-05
20.6903,-30.8717,-4022.76,-0.000201363
20.7003,-28.9618,-4028.9,-0.000108642
20.7103,-27.0316,-4034.98,-0.000385469
20.7203,-25.0822,-4041.16,-0.000147402
20.7303,-23.1134,-4047.48,-0.000324807
20.7403,-21.1239,-4053.79,-0.000264538
20.7503,-19.1136,-4060.06,-0.000311739
20.7603,-17.0831,-4066.49,-5.43746e-05
20.7703,-15.0318,-4073.01,-0.00028726
20.7803,-12.9589,-4079.49,-9.85994e-05
20.7903,-10.8644,-4085.99,-0.00010818
20.8003,-8.74858,-4092.67,-9.02822e-05
20.8103,-6.6106,-4099.39,-0.000291049
20.8203,-4.45011,-4106.06,-0.000100758
20.8303,-2.26709,-4112.81,-0.000281345
20.8403,-0.0612146,-4119.74,-0.00029992
20.8503,2.16794,-4126.65,-0.000321557
20.8603,4.42055,-4133.54,-0.000194876
20.8703,6.69705,-4140.58,-0.000324339
20.8803,8.99788,-4147.75,-0.000186483
20.8903,11.323,-4154.87,-0.000156208
20.9003,13.6728,-4162.01,-0.000120737
20.9103,16.0481,-4169.34,-0.000169295
20.9203,18.4491,-4176.75,-0.000115129
20.9303,20.8753,-4184.09,-0.000189818
20.9403,23.3279,-4191.53,-0.000217131
20.9503,25.8078,-4199.15,-0.000277801
20.9603,28.3144,-4206.79,-0.000308123
20.9703,30.8477,-4214.4,-0.000277146
20.9803,33.4092,-4222.16,-0.000298581
20.9903,35.9998,-4230.08,-0.000281895
21.0002,39.0423,-4284.54,-0.000200419
21.0102,75.0715,-7749.69,-0.000503699
21.0202,130.847,-12867.7,-0.00194757
21.0302,150.838,-14397.2,-0.00205781
21.0402,109.394,-10332.5,-0.00106226
21.0502,42.86,-4048.19,-9.66075e-05
21.0602,-5.79175,547.291,9.77503e-06
21.0702,5.97657,-560.188,1.30964e-06
21.0802,56.2583,-5202.99,-0.00051828
21.0902,103.391,-9453.53,-0.00127298
21.1002,108.046,-9849.33,-0.00130301
21.1102,74.2145,-6794.78,-0.000341052
21.1202,35.7346,-3290.31,-0.000132656
21.1302,21.1753,-1953.14,4.03319e-05
21.1402,35.8772,-3298.51,-0.000108641
21.1502,60.7182,-5555.81,-0.00025612
21.1602,73.5731,-6715.19,-0.000563637
21.1702,71.72,-6547.5,-0.000146106
21.1802,59.3487,-5428.98,-0.000409685
21.1902,52.3478,-4793.78,-0.000200717
21.2002,51.9496,-4757.09,-0.000405139
21.2102,54.866,-5021.3,-0.000293963
21.2202,56.6188,-5180.02,-0.000501937
21.2302,56.7747,-5194.06,-0.000163814
21.2402,56.527,-5171.52,-0.000372537
21.2502,56.513,-5170.16,-9.56389e-05
21.2602,56.6318,-5180.88,-0.000282603
21.2702,56.7067,-5187.64,-5.30722e-05
21.2802,56.7258,-5189.34,-0.000330387
21.2902,56.7339,-5190.06,-0.000103197
21.3002,56.747,-5191.23,-0.000453329
21.3102,56.7595,-5192.35,-0.000224668
21.3202,56.7672,-5193.04,-0.000488248
21.3302,56.7717,-5193.45,-0.000269468
21.3402,56.775,-5193.74,-0.000508364
21.3502,56.7776,-5193.97,-0.000126099
21.3602,56.7794,-5194.14,-0.000394643
21.3702,56.7807,-5194.26,-0.000105443
21.3802,56.7816,-5194.34,-0.00026471
21.3902,56.7823,-5194.39,-2.08621e-05
21.4002,56.7827,-5194.43,-0.000400777
21.4102,56.7831,-5194.47,-8.98814e-05
21.4202,56.7833,-5194.49,-0.000400457
21.4302,56.7835,-5194.5,-0.000285109
21.4402,56.7836,-5194.51,-0.000518205
21.4502,56.7837,-5194.52,-0.00018826
21.4602,56.7837,-5194.52,-0.000522354
21.4702,56.7838,-5194.53,-0.000199455
21.4802,56.7838,-5194.53,-0.000311827
21.4902,56.7838,-5194.53,-8.45339e-05
21.5002,56.7838,-5194.53,-0.000334604
21.5102,56.7839,-5194.54,-1.69702e-05
21.5202,56.7839,-5194.54,-0.00031529
21.5302,56.7839,-5194.54,-0.000180318
21.5402,56.7839,-5194.54,-0.000411023
21.5502,56.7839,-5194.54,-0.000235912
21.5602,56.7839,-5194.54,-0.000512987
21.5702,56.7839,-5194.54,-0.000272517
21.5802,56.7839,-5194.54,-0.000434944
21.5902,56.7839,-5194.54,-0.000211729
21.6002,56.7839,-5194.54,-0.000320309
21.6102,56.7839,-5194.54,-0.000104171
21.6202,56.7839,-5194.54,-0.000270381
21.6302,56.7839,-5194.54,-7.57338e-05
21.6402,56.7839,-5194.54,-0.000285132
21.6502,56.7839,-5194.54,-0.000226472
21.6602,56.7839,-5194.54,-0.000356926
21.6702,56.7839,-5194.54,-0.000285783
21.6802,56.7839,-5194.54,-0.000493702
21.6902,56.7839,-5194.54,-0.000304025
21.7002,56.7839,-5194.54,-0.00034844
21.7102,56.7839,-5194.54,-0.00030083
21.7202,56.7839,-5194.54,-0.000274635
21.7302,56.7839,-5194.54,-9.64274e-05
21.7402,56.7839,-5194.54,-0.000236072
21.7502,56.7839,-5194.54,-0.000189468
21.7602,56.7839,-5194.54,-0.000172614
21.7702,56.7839,-5194.54,-0.000264792
21.7802,56.7839,-5194.54,-0.000385594
21.7902,56.7839,-5194.54,-0.000322167
21.8002,56.7839,-5194.54,-0.000362152
21.8102,56.7839,-5194.54,-0.000437223
21.8202,56.7839,-5194.54,-0.000308374
21.8302,56.7839,-5194.54,-0.000264292
21.8402,56.7839,-5194.54,-0.00024481
21.8502,56.7839,-5194.54,-0.00021879
21.8602,56.7839,-5194.54,-0.000100955
21.8702,56.7839,-5194.54,-0.000240862
21.8802,56.7839,-5194.54,-0.000186869
21.8902,56.7839,-5194.54,-0.00030032
21.9002,56.7839,-5194.54,-0.000289597
21.9102,56.7839,-5194.54,-0.000428905
21.9202,56.7839,-5194.54,-0.000312997
21.9302,56.7839,-5194.54,-0.000457163
21.9402,56.7839,-5194.54,-0.000252315
21.9502,56.7839,-5194.54,-0.000338786
21.9602,56.7839,-5194.54,-0.000175166
21.9702,56.7839,-5194.54,-0.000257112
21.9802,56.7839,-5194.54,-5.04809e-05
21.9902,56.7839,-5194.54,-0.000313269
22.0002,56.7839,-5194.54,-0.000136633
22.0102,56.7839,-5194.54,-0.000329199
22.0202,56.7839,-5194.54,-0.000260168
22.0302,56.7839,-5194.54,-0.000513314
22.0402,56.7839,-5194.54,-0.000222217
22.0502,56.7839,-5194.54,-0.000483855
22.0602,56.7839,-5194.54,-0.000271801
22.0702,56.7839,-5194.54,-0.000347454
22.0802,56.7839,-5194.54,-6.99449e-05
22.0902,56.7838,-5194.53,-0.000367415
22.1002,56.7839,-5194.54,-2.85047e-05
22.1102,56.7839,-5194.54,-0.00026251
22.1202,56.7839,-5194.54,-0.000151894
22.1302,56.7839,-5194.54,-0.00042615
22.1402,56.7839,-5194.54,-0.000154271
22.1502,56.7839,-5194.54,-0.000534808
22.1602,56.7839,-5194.54,-0.000278585
22.1702,56.7839,-5194.54,-0.000463367
22.1802,56.7839,-5194.54,-0.000193899
22.1902,56.7839,-5194.54,-0.000428022
22.2001,56.7839,-5194.54,-5.85076e-05
22.2101,56.7839,-5194.54,-0.000313801
22.2201,56.7839,-5194.54,-4.56172e-05
22.2301,56.7839,-5194.54,-0.000315178
22.2401,56.7839,-5194.54,-0.000103604
22.2501,56.7839,-5194.54,-0.000430208
22.2601,56.7839,-5194.54,-0.000191432
22.2701,56.7839,-5194.54,-0.000525752
22.2801,56.7839,-5194.54,-0.00026484
22.2901,56.7839,-5194.54,-0.000462377
22.3001,56.7839,-5194.54,-0.000203169
22.3101,56.7839,-5194.54,-0.000421546
22.3201,56.7839,-5194.54,-4.18665e-05
22.3301,56.7839,-5194.54,-0.000296414
22.3401,56.7839,-5194.54,-0.000102648
22.3501,56.7839,-5194.54,-0.0002745
22.3601,56.7839,-5194.54,-9.19114e-05
22.3701,56.7839,-5194.54,-0.000472313
22.3801,56.7839,-5194.54,-0.000222398
22.3901,56.7839,-5194.54,-0.00043273
22.4001,56.7839,-5194.54,-0.000333599
22.4101,56.7839,-5194.54,-0.00047775
22.4201,56.7839,-5194.54,-0.000155169
22.4301,56.7839,-5194.54,-0.000377144
22.4401,56.7839,-5194.54,-0.000155914
22.4501,56.7839,-5194.54,-0.000211376
22.4601,56.7839,-5194.54,-8.62535e-05
22.4701,56.7839,-5194.54,-0.000319156
22.4801,56.7839,-5194.54,-0.000144378
22.4901,56.7839,-5194.54,-0.000349094
22.5001,56.7839,-5194.54,-0.000321374
22.5101,56.7839,-5194.54,-0.00043432
22.5201,56.7839,-5194.54,-0.000307562
22.5301,56.7839,-5194.54,-0.000428195
22.5401,56.7839,-5194.54,-0.000260366
22.5501,56.7839,-5194.54,-0.000282932
22.5601,56.7839,-5194.54,-0.000181092
22.5701,56.7839,-5194.54,-0.000192141
22.5801,56.7839,-5194.54,-0.000143904
22.5901,56.7839,-5194.54,-0.000244476
22.6001,56.7839,-5194.54,-0.000208728
22.6101,56.7839,-5194.54,-0.000309062
22.6201,56.7839,-5194.54,-0.000389007
22.6301,56.7839,-5194.54,-0.000358151
22.6401,56.7839,-5194.54,-0.000360113
22.6501,56.7839,-5194.54,-0.000394995
22.6601,56.7839,-5194.54,-0.000309525
22.6701,56.7839,-5194.54,-0.000178064
22.6801,56.7839,-5194.54,-0.000268787
22.6901,56.7839,-5194.54,-0.000162186
22.7001,56.7839,-5194.54,-0.000147454
22.7101,56.7839,-5194.54,-0.000185501
22.7201,56.7839,-5194.54,-0.000346389
22.7301,56.7839,-5194.54,-0.000207921
22.7401,56.7839,-5194.54,-0.000401815
22.7501,56.7839,-5194.54,-0.000385351
22.7601,56.7839,-5194.54,-0.00041372
22.7701,56.7839,-5194.54,-0.000246397
22.7801,56.7838,-5194.54,-0.000423247
22.7901,56.7839,-5194.54,-0.000161136
22.8001,56.7839,-5194.54,-0.000233691
22.8101,56.7839,-5194.54,-0.000118949
22.8201,56.7839,-5194.54,-0.000274733
22.8301,56.7839,-5194.54,-8.33705e-05
22.8401,56.7839,-5194.54,-0.000370829
22.8501,56.7839,-5194.54,-0.000225932
22.8601,56.7839,-5194.54,-0.000448116
22.8701,56.7839,-5194.54,-0.000289284
22.8801,56.7839,-5194.54,-0.000487605
22.8901,56.7839,-5194.54,-0.000222584
22.9001,56.7839,-5194.54,-0.000427342
22.9101,56.7839,-5194.54,-0.000111288
22.9201,56.7839,-5194.54,-0.000292979
22.9301,56.7839,-5194.54,-7.69889e-05
22.9401,56.7839,-5194.54,-0.000301747
22.9501,56.7839,-5194.54,-4.76741e-05
22.9601,56.7839,-5194.54,-0.000423394
22.9701,56.7839,-5194.54,-0.000213
22.9801,56.7839,-5194.54,-0.000444269
22.9901,56.7839,-5194.54,-0.000266759
23.0001,56.7839,-5194.54,-0.000559941
23.0101,56.7839,-5194.54,-0.000155511
23.0201,56.7839,-5194.54,-0.000408099
23.0301,56.7839,-5194.54,-0.000161647
23.0401,56.7839,-5194.54,-0.000293413
23.0501,56.7839,-5194.54,9.52111e-06
23.0601,56.7839,-5194.54,-0.000376374
23.0701,56.7839,-5194.54,-7.89292e-05
23.0801,56.7839,-5194.54,-0.000349827
23.0901,56.7839,-5194.54,-0.000230287
23.1001,56.7839,-5194.54,-0.000524432
23.1101,56.7839,-5194.54,-0.000205441
23.1201,56.7839,-5194.54,-0.000518679
23.1301,56.7839,-5194.54,-0.000238123
23.1401,56.7839,-5194.54,-0.000381585
23.1501,56.7839,-5194.54,-9.65495e-05
23.1601,56.7839,-5194.54,-0.000334468
23.1701,56.7839,-5194.54,-3.34281e-05
23.1801,56.7839,-5194.54,-0.000296357
23.1901,56.7839,-5194.54,-0.000115986
23.2001,56.7839,-5194.54,-0.000379467
23.2101,56.7839,-5194.54,-0.00022238
23.2201,56.7839,-5194.54,-0.000489819
23.2301,56.7839,-5194.54,-0.000258609
23.2401,56.7839,-5194.54,-0.000486371
23.2501,56.7839,-5194.54,-0.000254485
23.2601,56.7839,-5194.54,-0.000336433
23.2701,56.7839,-5194.54,-0.000136027
23.2801,56.7839,-5194.54,-0.000313374
23.2901,56.7839,-5194.54,-4.37293e-05
23.3001,56.7839,-5194.54,-0.000248475
23.3101,56.7839,-5194.54,-0.000208182
23.3201,56.7839,-5194.54,-0.000325398
23.3301,56.7839,-5194.54,-0.000225104
23.3401,56.7839,-5194.54,-0.000494808
23.3501,56.7839,-5194.54,-0.0003304
23.3601,56.7839,-5194.54,-0.000363537
23.3701,56.7839,-5194.54,-0.000317273
23.3801,56.7839,-5194.54,-0.00034841
23.3901,56.7839,-5194.54,-0.000121398
23.4,56.7839,-5194.54,-0.000222578
23.41,56.7839,-5194.54,-0.00018877
23.42,56.7839,-5194.54,-0.000172245
23.43,56.7839,-5194.54,-0.000192962
23.44,56.7839,-5194.54,-0.000346669
23.45,56.7839,-5194.54,-0.000314047
23.46,56.7839,-5194.54,-0.000352584
23.47,56.7839,-5194.54,-0.000419231
23.48,56.7839,-5194.54,-0.000358106
23.49,56.7839,-5194.54,-0.000313696
23.5,56.7839,-5194.54,-0.00026876
23.51,56.7839,-5194.54,-0.000231622
23.52,56.7839,-5194.54,-0.00014376
23.53,56.7839,-5194.54,-0.000217356
23.54,56.7839,-5194.54,-0.000138712
23.55,56.7839,-5194.54,-0.000272612
23.56,56.7839,-5194.54,-0.000272362
23.57,56.7839,-5194.54,-0.000371164
23.58,56.7839,-5194.54,-0.000308179
23.59,56.7839,-5194.54,-0.000487514
23.6,56.7839,-5194.54,-0.000282464
23.61,56.7839,-5194.54,-0.000350965
23.62,56.7839,-5194.54,-0.000234139
23.63,56.7839,-5194.54,-0.000294843
23.64,56.7839,-5194.54,-3.8636e-05
23.65,56.7839,-5194.54,-0.000287824
23.66,56.7839,-5194.54,-0.000141532
23.67,56.7839,-5194.54,-0.00027343
23.68,56.7839,-5194.54,-0.000202201
23.69,56.7838,-5194.53,-0.000507537
23.7,56.7839,-5194.54,-0.000231545
23.71,56.7839,-5194.54,-0.000465166
23.72,56.7839,-5194.54,-0.000311387
23.73,56.7839,-5194.54,-0.000408332
23.74,56.7839,-5194.54,-9.75015e-05
23.75,56.7839,-5194.54,-0.000369603
23.76,56.7839,-5194.54,-5.94637e-05
23.77,56.7839,-5194.54,-0.000253417
23.78,56.7839,-5194.54,-9.48269e-05
23.79,56.7839,-5194.54,-0.000387144
23.8,56.7839,-5194.54,-0.000146648
23.81,56.7839,-5194.54,-0.00048978
23.82,56.7839,-5194.54,-0.000260287
23.83,56.7839,-5194.54,-0.000503587
23.84,56.7839,-5194.54,-0.000230748
23.85,56.7839,-5194.54,-0.000442504
23.86,56.7839,-5194.54,-0.000104121
23.87,56.7839,-5194.54,-0.000355651
23.88,56.7839,-5194.54,-3.5659e-05
23.89,56.7839,-5194.54,-0.000281939
23.9,56.7839,-5194.54,-9.20351e-05
23.91,56.7839,-5194.54,-0.000397284
23.92,56.7839,-5194.54,-0.000127269
23.93,56.7839,-5194.54,-0.000510494
23.94,56.7839,-5194.54,-0.000287404
23.95,56.7839,-5194.54,-0.000460461
23.96,56.7839,-5194.54,-0.000221743
23.97,56.7839,-5194.54,-0.000491078
23.98,56.7839,-5194.54,-7.58456e-05
23.99,56.7839,-5194.54,-0.000293812
24,56.7839,-5194.54,-0.000113372
