#Exudyn implicit second order time integration sensor output file
#measure Node number = 3
#OutputVariableType = Coordinates
#simulation started = 2023-06-18,00:20:52
#columns contain: time, comma separated sensor values (e.g, x,y,z position coordinates)
#number of sensor values = 2
#Exudyn version = 1.6.119.dev1; Python3.8.13; Linux FLOAT64
#
0,2390224.339,2087875.599
0.01099908341,2289813.218,2141585.239
0.02099825015,2272133.651,2151042.512
0.03099741688,2185161.807,2197568.521
0.04099658362,2171426.128,2204916.691
0.05099575035,2222989.905,2177331.642
0.06099491709,2270234.636,2152058.345
0.07099408383,2267304.043,2153626.053
0.08099325056,2243217.079,2166511.093
0.0909924173,2219470.086,2179214.59
0.100991584,2212533.629,2182925.316
0.1109907508,2219973.456,2178945.308
0.1209899175,2231572.586,2172740.303
0.1309890842,2240322.838,2168059.372
0.140988251,2242599.379,2166841.531
0.1509874177,2240403.348,2168016.29
0.1609865845,2236087.837,2170324.865
0.1709857512,2233322.386,2171804.244
0.1809849179,2232614.581,2172182.892
0.1909840847,2232871.432,2172045.485
0.2009832514,2233634.423,2171637.32
0.2109824181,2234019.506,2171431.319
0.2209815849,2233917.488,2171485.894
0.2309807516,2233655.125,2171626.247
0.2409799183,2233668.532,2171619.075
0.2509790851,2233656.328,2171625.602
0.2609782518,2233638.068,2171635.37
0.2709774185,2233650.195,2171628.883
0.2809765853,2233708.79,2171597.537
0.290975752,2233687.006,2171609.191
0.3009749188,2233620.3,2171644.875
0.3109740855,2233628.317,2171640.586
0.3209732522,2233671.83,2171617.309
0.330972419,2233671.128,2171617.685
0.3409715857,2233668.162,2171619.271
0.3509707524,2233705.531,2171599.281
0.3609699192,2233713.543,2171594.995
0.3709690859,2233679.998,2171612.939
0.3809682526,2233664.785,2171621.078
0.3909674194,2233672.107,2171617.161
0.4009665861,2233660.203,2171623.529
0.4109657529,2233649.922,2171629.029
0.4209649196,2233666.409,2171620.209
0.4309640863,2233682.454,2171611.626
0.4409632531,2233680.666,2171612.582
0.4509624198,2233680.163,2171612.851
0.4609615865,2233684.713,2171610.417
0.4709607533,2233678.536,2171613.721
0.48095992,2233669.592,2171618.506
0.4909590867,2233667.781,2171619.475
0.5009582535,2233669.212,2171618.709
0.5109574202,2233667.969,2171619.374
0.520956587,2233672.111,2171617.159
0.5309557537,2233676.223,2171614.959
0.5409549204,2233676.371,2171614.879
0.5509540872,2233676.987,2171614.55
0.5609532539,2233678.112,2171613.948
0.5709524206,2233673.928,2171616.186
0.5809515874,2233669.25,2171618.689
0.5909507541,2233672.266,2171617.076
0.6009499208,2233672.955,2171616.707
0.6109490876,2233670.232,2171618.163
0.6209482543,2233671.717,2171617.369
0.630947421,2233678.19,2171613.907
0.6409465878,2233676.001,2171615.077
0.6509457545,2233671.796,2171617.327
0.6609449213,2233674.582,2171615.837
0.670944088,2233677.231,2171614.42
0.6809432547,2233672.029,2171617.202
0.6909424215,2233669.008,2171618.818
0.7009415882,2233674.402,2171615.933
0.7109407549,2233675.565,2171615.311
0.7209399217,2233671.381,2171617.549
0.7309390884,2233671.513,2171617.478
0.7409382551,2233677.827,2171614.101
0.7509374219,2233675.26,2171615.474
0.7609365886,2233670.09,2171618.24
0.7709357554,2233672.451,2171616.976
0.7809349221,2233676.922,2171614.585
0.7909340888,2233673.159,2171616.598
0.8009332556,2233670.091,2171618.239
0.8109324223,2233674.616,2171615.818
0.820931589,2233676.727,2171614.689
0.8309307558,2233672.783,2171616.799
0.8409299225,2233670.913,2171617.799
0.8509290892,2233676.325,2171614.904
0.860928256,2233675.885,2171615.139
0.8709274227,2233671.081,2171617.71
0.8809265895,2233670.986,2171617.76
0.8909257562,2233676.327,2171614.903
0.9009249229,2233674.751,2171615.746
0.9109240897,2233670.538,2171618
0.9209232564,2233672.872,2171616.751
0.9309224231,2233676.541,2171614.789
0.9409215899,2233673.559,2171616.384
0.9509207566,2233670.101,2171618.234
0.9609199233,2233674.685,2171615.781
0.9709190901,2233676.483,2171614.82
0.9809182568,2233672.81,2171616.784
0.9909174235,2233670.534,2171618.002
1.00091659,2233675.409,2171615.394
1.010915757,2233676.071,2171615.04
1.020914924,2233671.949,2171617.245
1.03091409,2233671.68,2171617.389
1.040913257,2233676.285,2171614.926
1.050912424,2233675.064,2171615.579
1.060911591,2233670.261,2171618.148
1.070910757,2233672.927,2171616.722
1.080909924,2233676.325,2171614.904
1.090909091,2233673.978,2171616.16
1.100908258,2233670.091,2171618.239
1.110907424,2233673.818,2171616.245
1.120906591,2233676.027,2171615.064
1.130905758,2233673.132,2171616.612
1.140904925,2233670.911,2171617.8
1.150904091,2233675.13,2171615.544
1.160903258,2233676.063,2171615.044
1.170902425,2233671.62,2171617.421
1.180901592,2233671.675,2171617.392
1.190900758,2233675.897,2171615.133
1.200899925,2233675.922,2171615.12
1.210899092,2233670.957,2171617.776
1.220898258,2233672.621,2171616.886
1.230897425,2233675.908,2171615.127
1.240896592,2233674.375,2171615.947
1.250895759,2233670.521,2171618.009
1.260894925,2233673.694,2171616.311
1.270894092,2233676.111,2171615.018
1.280893259,2233672.921,2171616.725
1.290892426,2233670.624,2171617.954
1.300891592,2233674.206,2171616.038
1.310890759,2233676.603,2171614.756
1.320889926,2233672.067,2171617.182
1.330889093,2233671.337,2171617.572
1.340888259,2233675.248,2171615.48
1.350887426,2233675.954,2171615.102
1.360886593,2233671.084,2171617.708
1.37088576,2233672.796,2171616.792
1.380884926,2233676.369,2171614.881
1.390884093,2233674.627,2171615.813
1.40088326,2233670.601,2171617.966
1.410882426,2233673.015,2171616.675
1.420881593,2233676.636,2171614.738
1.43088076,2233673.401,2171616.468
1.440879927,2233670.855,2171617.83
1.450879093,2233673.825,2171616.242
1.46087826,2233676.304,2171614.915
1.470877427,2233671.702,2171617.377
1.480876594,2233671.38,2171617.549
1.49087576,2233675.273,2171615.467
1.500874927,2233675.907,2171615.128
1.510874094,2233671.105,2171617.697
1.520873261,2233672.034,2171617.199
1.530872427,2233676.326,2171614.903
1.540871594,2233674.827,2171615.706
1.550870761,2233671.382,2171617.549
1.560869928,2233673.059,2171616.651
1.570869094,2233676.43,2171614.848
1.580868261,2233673.247,2171616.551
1.590867428,2233671.304,2171617.59
1.600866594,2233673.858,2171616.224
1.610865761,2233676.596,2171614.759
1.620864928,2233672.228,2171617.096
1.630864095,2233670.84,2171617.839
1.640863261,2233674.717,2171615.765
1.650862428,2233675.619,2171615.282
1.660861595,2233671.77,2171617.341
1.670860762,2233671.889,2171617.277
1.680859928,2233675.876,2171615.144
1.690859095,2233674.467,2171615.898
1.700858262,2233671.534,2171617.467
1.710857429,2233672.577,2171616.909
1.720856595,2233676.759,2171614.672
1.730855762,2233674.032,2171616.131
1.740854929,2233671.172,2171617.661
1.750854095,2233673.472,2171616.43
1.760853262,2233676.467,2171614.828
1.770852429,2233673.076,2171616.642
1.780851596,2233671.087,2171617.706
1.790850762,2233674.795,2171615.723
1.800849929,2233675.484,2171615.354
1.810849096,2233671.78,2171617.335
1.820848263,2233671.121,2171617.688
1.830847429,2233676.041,2171615.056
1.840846596,2233674.883,2171615.676
1.850845763,2233671.428,2171617.524
1.86084493,2233672.089,2171617.17
1.870844096,2233676.119,2171615.015
1.880843263,2233674.178,2171616.053
1.89084243,2233671.313,2171617.585
1.900841597,2233673.788,2171616.261
1.910840763,2233676.46,2171614.832
1.92083993,2233673.259,2171616.544
1.930839097,2233670.656,2171617.937
1.940838263,2233675.134,2171615.541
1.95083743,2233675.825,2171615.172
1.960836597,2233672.344,2171617.034
1.970835764,2233671.25,2171617.619
1.98083493,2233675.408,2171615.395
1.990834097,2233674.691,2171615.778
2.000833264,2239397.339,2169327.2
2.010832431,2747911,1981224.656
2.020831597,3556957.153,1740173.42
2.030830764,4000617.867,1749644.545
2.040829931,3770332.769,2111424.35
2.050829098,3084723.656,2670234.464
2.060828264,2437806.729,3158961.116
2.070827431,2233084.122,3374193.087
2.080826598,2539853.135,3293464.45
2.090825765,3095820.966,3068964.841
2.100824931,3519842.437,2909826.615
2.110824098,3574714.009,2940478.929
2.120823265,3296271.294,3136369.738
2.130822431,2921729.921,3367915.326
2.140821598,2707201.783,3499598.417
2.150820765,2766857.576,3475254.08
2.160819932,3019895.363,3344879.478
2.170819098,3272022.273,3217908.887
2.180818265,3361944.326,3181773.633
2.190817432,3259901.203,3249275.009
2.200816599,3065644.367,3362623.125
2.210815765,2923210.954,3442110.255
2.220814932,2917819.516,3442873.083
2.230814099,3029390.964,3379265.099
2.240813266,3163711.234,3305782.594
2.250812432,3225377.976,3275356.62
2.260811599,3184518.542,3302536.62
2.270810766,3086530.759,3359694.467
2.280809933,3007392.468,3403494.359
2.290809099,2998125.078,3406293.562
2.300808266,3053583.459,3372907.362
2.310807433,3123015.313,3333447.618
2.320806599,3154638.569,3317217.139
2.330805766,3131673.978,3332457.899
2.340804933,3077616.038,3364369.144
2.3508041,3035625.338,3387754.336
2.360803266,3033339.952,3387398.521
2.370802433,3065442.886,3367544.877
2.3808016,3103569.537,3345356.142
2.390800767,3118885.804,3337413.549
2.400799933,3102626.695,3347997.647
2.4107991,3071195.827,3366723.364
2.420798267,3048289.355,3379548.15
2.430797434,3047962.701,3378703.099
2.4407966,3066546.061,3367033.687
2.450795767,3086486.833,3355276.26
2.460794934,3092683.291,3352170.151
2.4707941,3083070.642,3358394.029
2.480793267,3066655.576,3368174.952
2.490792434,3056328.222,3373817.007
2.500791601,3058339.886,3371941.91
2.510790767,3067414.663,3366142.741
2.520789934,3074907.292,3361743.323
2.530789101,3074327.643,3362447.748
2.540788268,3066368.32,3367486.814
2.550787434,3058301.276,3372229.706
2.560786601,3056100.796,3373124.621
2.570785768,3060094.126,3370248.147
2.580784935,3066506.259,3366125.527
2.590784101,3069142.033,3364586.588
2.600783268,3065673.333,3366889.553
2.610782435,3059199.539,3370908.564
2.620781602,3053619.598,3374176.397
2.630780768,3052473.783,3374585.791
2.640779935,3055402.474,3372518.911
2.650779102,3058667.233,3370402.309
2.660778268,3059685.793,3369792.683
2.670777435,3058022.081,3370835.089
2.680776602,3054773.967,3372762.139
2.690775769,3052902.108,3373711.86
2.700774935,3052771.208,3373563.958
2.710774102,3053215.155,3373152.013
2.720773269,3053230.52,3373112.37
2.730772436,3051548.023,3374194.32
2.740771602,3049111.517,3375702.184
2.750770769,3047737.103,3376431.739
2.760769936,3047686.453,3376265.033
2.770769103,3048812.497,3375358.513
2.780768269,3050045.834,3374439.968
2.790767436,3049658.594,3374627.314
2.800766603,3048223.611,3375487.226
2.81076577,3046211.886,3376688.375
2.820764936,3044420.128,3377720.006
2.830764103,3043775.196,3377999.148
2.84076327,3043518.247,3378063.018
2.850762436,3043141.794,3378238.496
2.860761603,3042815.089,3378372.262
2.87076077,3042135.42,3378713.384
2.880759937,3041722.147,3378839.408
2.890759103,3041828.104,3378604.226
2.90075827,3041647.4,3378588.213
2.910757437,3041336.524,3378685.768
2.920756604,3040390.245,3379233.613
2.93075577,3038855.714,3380180.924
2.940754937,3037668.896,3380871.649
2.950754104,3036769.204,3381361.398
2.960753271,3036266.733,3381584.905
2.970752437,3036326.953,3381427.688
2.980751604,3036139.899,3381450.061
2.990750771,3035896.149,3381500.578
3.000749938,3035660.62,3381529.153
3.010749104,3035102.854,3381778.692
3.020748271,3034722.014,3381905.667
3.030747438,3034115.561,3382208.668
3.040746604,3033141.649,3382786.703
3.050745771,3032312.803,3383262.7
3.060744938,3031349.139,3383833.928
3.070744105,3030577.405,3384262.384
3.080743271,3030313.439,3384323.77
3.090742438,3030048.416,3384391.426
3.100741605,3029971.933,3384322.609
3.110740772,3029855.15,3384280.789
3.120739938,3029381.493,3384494.437
3.130739105,3029036.631,3384607.177
3.140738272,3028461.332,3384892.541
3.150737439,3027688.514,3385330.495
3.160736605,3027079.379,3385654.493
3.170735772,3026244.497,3386152.792
3.180734939,3025525.947,3386564.049
3.190734105,3025052.514,3386790.962
3.200733272,3024575.562,3387020.413
3.210732439,3024410.641,3387014.256
3.220731606,3024268.323,3386992.324
3.230730772,3023929.422,3387117.691
3.240729939,3023748.783,3387118.988
3.250729106,3023264.486,3387350.901
3.260728273,3022676.631,3387661.805
3.270727439,3022170.24,3387914.228
3.280726606,3021434.875,3388348.603
3.290725773,3020823.648,3388690.553
3.30072494,3020253.925,3389003.505
3.310724106,3019670.183,3389327.58
3.320723273,3019395.307,3389410.37
3.33072244,3019108.778,3389503.13
3.340721607,3018787.734,3389621.761
3.350720773,3018679.167,3389572.204
3.36071994,3018298.494,3389736.125
3.370719107,3017935.93,3389883.553
3.380718273,3017510.772,3390081.843
3.39071744,3016904.521,3390426.233
3.400716607,3016417.398,3390678.63
3.410715774,3015825.024,3391019.527
3.42071494,3015220.7,3391371.752
3.430714107,3014852.977,3391535.089
3.440713274,3014416.893,3391754.88
3.450712441,3014072.352,3391899.765
3.460711607,3013898.233,3391906.489
3.470710774,3013548.7,3392055.067
3.480709941,3013343.78,3392083.77
3.490709108,3012982.964,3392240.146
3.500708274,3012556.429,3392449.763
3.510707441,3012194.151,3392607.983
3.520706608,3011645.765,3392922.728
3.530705775,3011110.315,3393228.529
3.540704941,3010700.772,3393432.631
3.550704108,3010178.834,3393732.226
3.560703275,3009800.332,3393912.6
3.570702441,3009474.539,3394050.29
3.580701608,3009118.708,3394212.573
3.590700775,3008950.991,3394215.814
3.600699942,3008590.504,3394381.684
3.610699108,3008305.275,3394482.04
3.620698275,3008033.882,3394571.083
3.630697442,3007601.243,3394798.058
3.640696609,3007190.904,3395006.789
3.650695775,3006778.845,3395219.511
3.660694942,3006278.685,3395509.457
3.670694109,3005906.995,3395690.483
3.680693276,3005450.164,3395947.253
3.690692442,3005078.932,3396129.984
3.700691609,3004831.489,3396206.324
3.710690776,3004439.281,3396408.872
3.720689943,3004212.018,3396466.065
3.730689109,3003945.717,3396557.655
3.740688276,3003621.872,3396698.9
3.750687443,3003321.668,3396819.444
3.760686609,3002951.145,3397003.089
3.770685776,3002566.598,3397199.5
3.780684943,3002224.794,3397359.903
3.79068411,3001728.814,3397659.426
3.800683276,3001382.577,3397825.886
3.810682443,3001038.443,3397992.723
3.82068161,3000628.126,3398219.526
3.830680777,3000356.745,3398321.546
3.840679943,3000031.233,3398473.016
3.85067911,2999775.871,3398559.914
3.860678277,2999507.179,3398659.23
3.870677444,2999167.162,3398823.178
3.88067661,2998897.742,3398922.173
3.890675777,2998598.198,3399049.999
3.900674944,2998177.257,3399289.723
3.91067411,2997873.836,3399422.008
3.920673277,2997482.678,3399637.345
3.930672444,2997116.448,3399830.194
3.940671611,2996779.884,3399997.216
3.950670777,2996402.013,3400203.432
3.960669944,2996148.033,3400293.984
3.970669111,2995832.345,3400443.438
3.980668278,2995509.84,3400598.595
3.990667444,2995283.271,3400663.176
4.000666611,2994993.631,3400787.743
4.010665778,2994673.165,3400940.983
4.020664945,2994396.3,3401053.443
4.030664111,2994044.99,3401237.304
4.040663278,2993760.625,3401357.593
4.050662445,2993384.654,3401567.566
4.060661612,2993016.275,3401770.57
4.070660778,2992749.123,3401877.143
4.080659945,2992391.571,3402072.425
4.090659112,2992069.249,3402233.507
4.100658278,2991794.187,3402349.496
4.110657445,2991499.765,3402484.326
4.120656612,2991241.176,3402583.925
4.130655779,2990942.556,3402723.278
4.140654945,2990648.365,3402857.576
4.150654112,2990417.548,3402929.797
4.160653279,2990063.713,3403124.478
4.170652446,2989756.255,3403272.925
4.180651612,2989472.383,3403399.2
4.190650779,2989128.449,3403586.103
4.200649946,2988822.492,3403735.747
4.210649113,2988491.037,3403912.123
4.220648279,2988200.725,3404047.111
4.230647446,2987931.899,3404161.434
4.240646613,2987594.953,3404345.094
4.25064578,2987337.355,3404447.623
4.260644946,2987099.989,3404530.225
4.270644113,2986783.556,3404693.394
4.28064328,2986514.084,3404808.378
4.290642446,2986227.316,3404941.651
4.300641613,2985951.043,3405063.97
4.31064078,2985662.148,3405200.309
4.320639947,2985310.876,3405401.718
4.330639113,2985048.678,3405510.834
4.34063828,2984760.079,3405648.897
4.350637447,2984420.252,3405840.645
4.360636614,2984148.174,3405961.819
4.37063578,2983870.852,3406089.261
4.380634947,2983594.475,3406215.563
4.390634114,2983317.019,3406343.46
4.400633281,2983021.867,3406489.944
4.410632447,2982790.624,3406568.388
4.420631614,2982509.502,3406700.724
4.430630781,2982191.373,3406872.185
4.440629948,2981951.393,3406960.205
4.450629114,2981656.241,3407108.342
4.460628281,2981355.272,3407262.82
4.470627448,2981060.333,3407411.656
4.480626614,2980772.509,3407553.004
4.490625781,2980515.937,3407660.859
4.500624948,2980202.826,3407831.232
4.510624115,2979906.728,3407982.699
4.520623281,2979680.823,3408057.6
4.530622448,2979395.654,3408198.068
4.540621615,2979104.315,3408344.964
4.550620782,2978851.603,3408449.514
4.560619948,2978581.604,3408573.106
4.570619115,2978326.807,3408679.99
4.580618282,2978010.187,3408856.38
4.590617449,2977740.439,3408980.007
4.600616615,2977495.636,3409076.484
4.610615782,2977182.539,3409250.278
4.620614949,2976890.983,3409399.704
4.630614115,2976634.346,3409510.326
4.640613282,2976355.643,3409646.22
4.650612449,2976078.592,3409780.51
4.660611616,2975793.254,3409924.435
4.670610782,2975542.15,3410028.832
4.680609949,2975296.393,3410127.77
4.690609116,2974979.699,3410308.271
4.700608283,2974733.527,3410406.909
4.710607449,2974483.865,3410510.234
4.720606616,2974196.543,3410657.25
4.730605783,2973910.29,3410803.239
4.74060495,2973638.966,3410931.998
4.750604116,2973384.426,3411041.238
4.760603283,2973101.631,3411184.422
4.77060245,2972792.592,3411358.405
4.780601617,2972553.372,3411449.896
4.790600783,2972299.378,3411559.664
4.80059995,2971993.043,3411731.313
4.810599117,2971733.721,3411846.98
4.820598283,2971475.65,3411961.343
4.83059745,2971226.636,3412064.715
4.840596617,2970934.993,3412219.59
4.850595784,2970657.373,3412357.154
4.86059495,2970421.119,3412444.978
4.870594117,2970143.012,3412584.056
4.880593284,2969841.141,3412751.609
4.890592451,2969592.492,3412854.536
4.900591617,2969329.197,3412975.794
4.910590784,2969046.172,3413121.209
4.920589951,2968762.978,3413267.112
4.930589118,2968500.089,3413387.7
4.940588284,2968262.388,3413477.458
4.950587451,2967960.84,3413646.652
4.960586618,2967688.406,3413778.98
4.970585785,2967453.338,3413864.97
4.980584951,2967182.442,3413995.885
4.990584118,2966891.064,3414152.264
5.000583285,2966626.784,3414274.623
5.010582451,2966376.828,3414378.721
5.020581618,2966112.158,3414501.747
5.030580785,2965805.014,3414678.799
5.040579952,2965543.417,3414797.423
5.050579118,2965306.441,3414885.168
5.060578285,2965010.019,3415049.043
5.070577452,2964729.787,3415191.765
5.080576619,2964474.632,3415302.355
5.090575785,2964221.122,3415410.736
5.100574952,2963938.404,3415557.051
5.110574119,2963652.861,3415706.666
5.120573286,2963410.452,3415799.75
5.130572452,2963154.372,3415911.207
5.140571619,2962849.741,3416085.915
5.150570786,2962587.316,3416204.682
5.160569953,2962338.633,3416305.723
5.170569119,2962058.102,3416448.799
5.180568286,2961770.805,3416600.731
5.190567453,2961501.461,3416728.483
5.200566619,2961258.62,3416820.912
5.210565786,2960970.828,3416973.837
5.220564953,2960673.007,3417139.554
5.23056412,2960431.724,3417228.974
5.240563286,2960176.42,3417337.654
5.250562453,2959879.031,3417502.814
5.26056162,2959601.441,3417640.778
5.270560787,2959349.345,3417743.935
5.280559953,2959090.89,3417855.716
5.29055912,2958791.846,3418022.953
5.300558287,2958510.261,3418165.568
5.310557454,2958272.729,3418247.651
5.32055662,2957990.188,3418392.059
5.330555787,2957689.337,3418561.13
5.340554954,2957428.061,3418675.113
5.35055412,2957172.135,3418781.677
5.360553287,2956890.448,3418923.992
5.370552454,2956595.118,3419085.046
5.380551621,2956334.435,3419196.889
5.390550787,2956082.797,3419296.159
5.400549954,2955781.578,3419465.303
5.410549121,2955496.469,3419610.737
5.420548288,2955250.985,3419699.794
5.430547454,2954973.925,3419833.825
5.440546621,2954674.4,3419999.549
5.450545788,2954394.984,3420136.021
5.460544955,2954143.065,3420232.571
5.470544121,2953866.812,3420364.337
5.480543288,2953555.297,3420546.655
5.490542455,2953288.132,3420663.863
5.500541622,2953038.25,3420756.043
5.510540788,2952739.859,3420918.765
5.520539955,2952441.938,3421080.079
5.530539122,2952180.825,3421186.954
5.540538288,2951918.9,3421294.798
5.550537455,2951621.033,3421455.513
5.560536622,2951319.544,3421620.778
5.570535789,2951064.931,3421715.899
5.580534955,2950795.104,3421833.911
5.590534122,2950482.453,3422015.194
5.600533289,2950200.182,3422150.097
5.610532456,2949940.564,3422250.907
5.620531622,2949651.992,3422395.16
5.630530789,2949346.277,3422564.687
5.640529956,2949066.88,3422693.444
5.650529123,2948809.101,3422789.128
5.660528289,2948509.772,3422948.162
5.670527456,2948198.57,3423124.219
5.680526623,2947935.706,3423225.447
5.69052579,2947665.65,3423337.811
5.700524956,2947353.486,3423514.506
5.710524123,2947055.417,3423668.468
5.72052329,2946790.109,3423771.04
5.730522456,2946510.638,3423895.49
5.740521623,2946192.588,3424079.654
5.75052079,2945895.157,3424230.378
5.760519957,2945639.01,3424315.948
5.770519123,2945342.341,3424465.195
5.78051829,2945022.363,3424650.167
5.790517457,2944737.448,3424778.839
5.800516624,2944469.45,3424880.301
5.81051579,2944164.692,3425039.855
5.820514957,2943849.388,3425215.282
5.830514124,2943568.55,3425334.49
5.840513291,2943294.922,3425441.931
5.850512457,2942975.268,3425623.094
5.860511624,2942663.833,3425789.57
5.870510791,2942394.572,3425887.066
5.880509958,2942099.97,3426025.525
5.890509124,2941779.04,3426206.074
5.900508291,2941473.6,3426360.174
5.910507458,2941202.006,3426457.93
5.920506624,2940896.657,3426611.1
5.930505791,2940569.758,3426798.858
5.940504958,2940274.532,3426932.742
5.950504125,2940002.079,3427028.366
5.960503291,2939678.883,3427208.186
5.970502458,2939353.042,3427391.047
5.980501625,2939067.41,3427505.475
5.990500792,2938780.406,3427621.65
6.000499958,2938455.265,3427801.589
6.010499125,2938126.386,3427986.436
6.020498292,2937847.793,3428084.823
6.030497459,2937546.065,3428222.454
6.040496625,2937212.57,3428413.235
6.050495792,2936893.773,3428577.253
6.060494959,2936615.342,3428671.242
6.070494125,2936295.97,3428835.371
6.080493292,2935961.828,3429023.623
6.090492459,2935650.194,3429171.452
6.100491626,2935363.651,3429274.906
6.110490792,2935036.486,3429448.841
6.120489959,2934695.356,3429645.399
6.130489126,2934400.051,3429760.135
6.140488293,2934095.495,3429890.896
6.150487459,2933757.977,3430078.852
6.160486626,2933420.874,3430264.271
6.170485793,2933132.325,3430362.268
6.18048496,2932812.345,3430515.813
6.190484126,2932468.823,3430710.193
6.200483293,2932133.982,3430887.26
6.21048246,2931846.725,3430977.597
6.220481627,2931514.711,3431148.304
6.230480793,2931162.077,3431354.49
6.24047996,2930843.075,3431498.035
6.250479127,2930540.087,3431611.584
6.260478293,2930200.477,3431791.129
6.27047746,2929843.081,3432001.448
6.280476627,2929534.225,3432120.957
6.290475794,2929217.378,3432254.439
6.30047496,2928870.073,3432443.112
6.310474127,2928511.212,3432651.199
6.320473294,2928209.799,3432750.89
6.330472461,2927874.759,3432912.845
6.340471627,2927519.386,3433111.076
6.350470794,2927173.3,3433289.95
6.360469961,2926863.054,3433399.881
6.370469128,2926518.695,3433573.62
6.380468294,2926150.785,3433790.137
6.390467461,2925818.56,3433936.609
6.400466628,2925498.558,3434058.607
6.410465795,2925143.715,3434246.441
6.420464961,2924768.126,3434471.851
6.430464128,2924448.75,3434586.923
6.440463295,2924110.69,3434737.273
6.450462461,2923747.633,3434934.595
6.460461628,2923374.734,3435148.814
6.470460795,2923055.849,3435255.593
6.480459962,2922708.19,3435417.99
6.490459128,2922329.057,3435640.311
6.500458295,2921966.906,3435826.676
6.510457462,2921641.643,3435938.523
6.520456629,2921283.396,3436114.86
6.530455795,2920894.429,3436349.855
6.540454962,2920545.218,3436503.119
6.550454129,2920203.123,3436640.891
6.560453296,2919836.314,3436826.93
6.570452462,2919442.629,3437064.463
6.580451629,2919102.194,3437191.869
6.590450796,2918748.253,3437345.796
6.600449963,2918363.379,3437560.737
6.610449129,2917976.289,3437777.283
6.620448296,2917635.555,3437896.808
6.630447463,2917269.031,3438068.306
6.640446629,2916870.733,3438302.811
6.650445796,2916494.142,3438489.571
6.660444963,2916143.825,3438619.952
6.67044413,2915767.015,3438804.176
6.680443296,2915355.905,3439057.256
6.690442463,2914990.81,3439210.961
6.70044163,2914631.59,3439350.813
6.710440797,2914237.831,3439561.64
6.720439963,2913825.621,3439808.471
6.73043913,2913462.772,3439947.831
6.740438297,2913092.542,3440101.405
6.750437464,2912684.825,3440332.68
6.76043663,2912277.679,3440559.529
6.770435797,2911910.964,3440696.912
6.780434964,2911528.516,3440866.72
6.79043413,2911105.072,3441122.45
6.800433297,2910708.228,3441316.96
6.810432464,2910335.366,3441457.056
6.820431631,2909935.295,3441654.771
6.830430797,2909506.348,3441912.632
6.840429964,2909113.222,3442088.209
6.850429131,2908732.16,3442235.148
6.860428298,2908314.231,3442461.617
6.870427464,2907884.954,3442709.643
6.880426631,2907494.437,3442867.832
6.890425798,2907102.281,3443027.888
6.900424965,2906664.204,3443288.435
6.910424131,2906239.981,3443513.696
6.920423298,2905849.184,3443660.397
6.930422465,2905440.808,3443844.943
6.940421632,2904992.734,3444116.678
6.950420798,2904568.494,3444329.797
6.960419965,2904175.246,3444469.219
6.970419132,2903747.003,3444686.868
6.980418298,2903294.817,3444955.844
6.990417465,2902872.424,3445151.745
7.000416632,2902472.024,3445294.188
7.010415799,2902021.47,3445550.833
7.020414965,2901570.141,3445804.732
7.030414132,2901148.54,3445985.191
7.040413299,2900733.578,3446147.595
7.050412466,2900270.013,3446421.541
7.060411632,2899816.283,3446667.202
7.070410799,2899397.439,3446826.616
7.080409966,2898958.81,3447030.734
7.090409133,2898488.411,3447306.849
7.100408299,2898034.341,3447538.728
7.110407466,2897615.725,3447682.057
7.120406633,2897150.097,3447936.312
7.1304058,2896677.128,3448203.572
7.140404966,2896222.054,3448422.596
7.150404133,2895796.001,3448567.475
7.1604033,2895311.886,3448851.579
7.170402466,2894832.637,3449118.224
7.180401633,2894382.519,3449308.678
7.1904008,2893935.26,3449488.782
7.200399967,2893440.874,3449782.183
7.210399133,2892955.042,3450048.481
7.2203983,2892511.32,3450205.295
7.230397467,2892035.567,3450439.189
7.240396634,2891538.237,3450722.706
7.2503958,2891044.465,3450991.644
7.260394967,2890600.595,3451129.726
7.270394134,2890100.394,3451407.895
7.280393301,2889598.016,3451685.782
7.290392467,2889106.147,3451931.383
7.300391634,2888646.438,3452090.027
7.310390801,2888129.802,3452392.003
7.320389968,2887618.095,3452674.537
7.330389134,2887135.728,3452875.574
7.340388301,2886648.129,3453086.198
7.350387468,2886125.274,3453384.619
7.360386634,2885599.555,3453683.678
7.370385801,2885125.896,3453840.133
7.380384968,2884607.729,3454110.637
7.390384135,2884079.8,3454401.153
7.400383301,2883548.902,3454692.856
7.410382468,2883070.461,3454838.851
7.420381635,2882528.369,3455151.999
7.430380802,2881989.601,3455448.982
7.440379968,2881463.824,3455704.4
7.450379135,2880965.106,3455881.068
7.460378302,2880412.686,3456199.554
7.470377469,2879855.447,3456523.27
7.480376635,2879340.593,3456724.361
7.490375802,2878809.887,3456964.249
7.500374969,2878252.679,3457271.394
7.510374135,2877682.581,3457606.222
7.520373302,2877171.78,3457769.588
7.530372469,2876609.698,3458071.682
7.540371636,2876043.838,3458376.692
7.550370802,2875471.007,3458693.597
7.560369969,2874949.162,3458859.918
7.570369136,2874368.139,3459189.185
7.580368303,2873784.336,3459517.48
7.590367469,2873220.24,3459781.868
7.600366636,2872670.71,3459998.217
7.610365803,2872079.535,3460328.448
7.62036497,2871477.213,3460681.433
7.630364136,2870923.399,3460885.979
7.640363303,2870340.65,3461168.828
7.65036247,2869739.8,3461496.922
7.660361637,2869124.579,3461857.883
7.670360803,2868569.963,3462032.29
7.68035997,2867961.788,3462359.063
7.690359137,2867344.756,3462702.873
7.700358303,2866729.528,3463032.131
7.71035747,2866155.785,3463229.276
7.720356637,2865530.933,3463573.259
7.730355804,2864893.516,3463944.678
7.74035497,2864286.076,3464216.098
7.750354137,2863682.418,3464468.262
7.760353304,2863045.249,3464814.655
7.770352471,2862388.817,3465209.059
7.780351637,2861784.945,3465432.296
7.790350804,2861151.556,3465739.141
7.800349971,2860498.668,3466096.689
7.810349138,2859834.744,3466477.224
7.820348304,2859220.554,3466692.788
7.830347471,2858562.465,3467038.352
7.840346638,2857888.387,3467422.835
7.850345805,2857226.96,3467755.782
7.860344971,2856590.827,3467998.902
7.870344138,2855913.679,3468364.031
7.880343305,2855216.632,3468780.276
7.890342471,2854557.825,3469061.916
7.900341638,2853894.654,3469348.309
7.910340805,2853198.197,3469732.134
7.920339972,2852486.674,3470151.473
7.930339138,2851822.119,3470405.75
7.940338305,2851132.312,3470733.408
7.950337472,2850412.29,3471148.132
7.960336639,2849695.398,3471538.605
7.970335805,2849014.987,3471796.464
7.980334972,2848301.648,3472153.682
7.990334139,2847557.514,3472599.871
8.000333306,2846837.923,3472949.411
8.010332472,2846134.293,3473233.766
8.020331639,2845396.182,3473623.026
8.030330806,2844634.84,3474075.79
8.040329973,2843908.578,3474394.424
8.050329139,2843179.919,3474709.861
8.060328306,2842412.259,3475145.797
8.070327473,2841641.221,3475576.959
8.080326639,2840901.503,3475885.064
8.090325806,2840148.035,3476228.784
8.100324973,2839351.026,3476709.391
8.11032414,2838572.931,3477106.252
8.120323306,2837813.808,3477421.989
8.130322473,2837031.398,3477806.49
8.14032164,2836212.172,3478304.853
8.150320807,2835423.749,3478675.239
8.160319973,2834644.94,3478996.877
8.17031914,2833826.801,3479444.619
8.180318307,2832993.613,3479928.242
8.190317474,2832187.836,3480294.087
8.20031664,2831388.481,3480621.498
8.210315807,2830533.866,3481134.013
8.220314974,2829691.183,3481582.329
8.23031414,2828863.605,3481956.893
8.240313307,2828036.494,3482313.404
8.250312474,2827152.062,3482864.347
8.260311641,2826296.679,3483284.634
8.270310807,2825450.161,3483653.941
8.280309974,2824583.687,3484080.404
8.290309141,2823680.376,3484625.432
8.300308308,2822803.597,3485046.506
8.310307474,2821940.182,3485398.447
8.320306641,2821028.288,3485916.511
8.330305808,2820114.474,3486418.405
8.340304975,2819210.704,3486858.384
8.350304141,2818324.792,3487209.607
8.360303308,2817370.147,3487807.562
8.370302475,2816443.645,3488268.797
8.380301642,2815517.307,3488706.853
8.390300808,2814595.501,3489105.506
8.400299975,2813610.725,3489730.653
8.410299142,2812660.459,3490189.684
8.420298308,2811716.944,3490599.275
8.430297475,2810746.097,3491095.107
8.440296642,2809745.56,3491684.291
8.450295809,2808761.987,3492175.516
8.460294975,2807800.847,3492551.686
8.470294142,2806776.229,3493162.257
8.480293309,2805763.128,3493695.017
8.490292476,2804747.344,3494210.175
8.500291642,2803757.252,3494592.661
8.510290809,2802688.281,3495276.559
8.520289976,2801653.359,3495783.794
8.530289143,2800612.615,3496287.374
8.540288309,2799575.628,3496746.248
8.550287476,2798479.301,3497426.594
8.560286643,2797410.099,3497954.98
8.57028581,2796350.652,3498412.526
8.580284976,2795253.028,3499003.386
8.590284143,2794138.786,3499631.447
8.60028331,2793029.719,3500200.146
8.610282476,2791947.271,3500620.968
8.620281643,2790791.089,3501332.296
8.63028081,2789655.495,3501913.275
8.640279977,2788510.417,3502499.676
8.650279143,2787388.209,3502949.277
8.66027831,2786187.468,3503714.346
8.670277477,2785018.6,3504292.438
8.680276644,2783846.74,3504846.964
8.69027581,2782665.981,3505403.745
8.700274977,2781434.694,3506150.915
8.710274144,2780221.662,3506768.209
8.720273311,2779025.037,3507270.827
8.730272477,2777778.43,3507963.942
8.740271644,2776521.085,3508661.142
8.750270811,2775262.065,3509319.103
8.760269977,2774029.375,3509810.953
8.770269144,2772722.598,3510608.748
8.780268311,2771432.59,3511275.093
8.790267478,2770135.188,3511928.905
8.800266644,2768848.248,3512486.392
8.810265811,2767493.326,3513323.255
8.820264978,2766158.824,3514004.621
8.830264145,2764828.072,3514618.315
8.840263311,2763473.967,3515296.31
8.850262478,2762079.835,3516116.823
8.860261645,2760694.89,3516832.424
8.870260812,2759325.658,3517417.52
8.880259978,2757901.49,3518223.058
8.890259145,2756467.067,3519018.796
8.900258312,2755034.29,3519744.851
8.910257479,2753612.989,3520356.128
8.920256645,2752125.573,3521245.64
8.930255812,2750642.91,3522043.115
8.940254979,2749165.404,3522750.69
8.950254145,2747678.26,3523447.01
8.960253312,2746135.618,3524366.796
8.970252479,2744599.118,3525181.814
8.980251646,2743073.892,3525871.191
8.990250812,2741513.224,3526682.112
9.000249979,2737714,3538957.236
9.010249146,2550418.825,4307790.016
9.020248313,2225533.828,5390408.542
9.030247479,2007265.494,5836309.962
9.040246646,2029515.44,5213703.184
9.050245813,2253420.512,3824412.946
9.06024498,2504374.695,2538478.444
9.070244146,2627716.02,2046311.885
9.080243313,2560808.276,2541144.247
9.09024248,2390302.237,3516644.021
9.100241647,2253463.205,4259530.921
9.110240813,2247708.411,4275128.357
9.12023998,2368426.546,3606832.44
9.130239147,2505417.845,2861865.218
9.140238313,2562796.424,2558259.452
9.15023748,2520481.391,2798818.962
9.160236647,2425578.489,3323070.902
9.170235814,2356134.65,3704833.928
9.18023498,2348115.165,3748710.237
9.190234147,2399725.036,3465538.314
9.200233314,2454292.227,3166581.18
9.210232481,2476695.232,3044241.919
9.220231647,2464452.615,3111864.833
9.230230814,2436927.302,3263167.22
9.240229981,2419030.307,3361521.335
9.250229148,2417018.72,3372641.987
9.260228314,2425049.458,3328627.613
9.270227481,2432820.725,3286027.202
9.280226648,2435685.85,3270341.31
9.290225815,2434511.172,3276815.276
9.300224981,2432226.031,3289375.206
9.310224148,2430851.193,3296933.597
9.320223315,2430720.348,3297660.962
9.330222481,2431216.619,3294944.006
9.340221648,2431679.501,3292408.425
9.350220815,2431839.823,3291531.965
9.360219982,2431765.62,3291941.626
9.370219148,2431632.397,3292674.492
9.380218315,2431554.284,3293104.415
9.390217482,2431547.916,3293140.232
9.400216649,2431577.016,3292981.154
9.410215815,2431603.15,3292838.172
9.420214982,2431612.158,3292789.052
9.430214149,2431607.317,3292815.846
9.440213316,2431599.655,3292858.056
9.450212482,2431594.818,3292884.718
9.460211649,2431594.701,3292885.442
9.470210816,2431596.381,3292876.277
9.480209982,2431598.084,3292866.973
9.490209149,2431598.544,3292864.481
9.500208316,2431598.118,3292866.838
9.510207483,2431597.592,3292869.742
9.520206649,2431597.168,3292872.079
9.530205816,2431597.504,3292870.241
9.540204983,2431597.49,3292870.322
9.55020415,2431597.781,3292868.732
9.560203316,2431597.426,3292870.678
9.570202483,2431597.534,3292870.089
9.58020165,2431597.348,3292871.112
9.590200817,2431597.625,3292869.594
9.600199983,2431597.633,3292869.547
9.61019915,2431597.636,3292869.533
9.620198317,2431597.455,3292870.529
9.630197484,2431597.295,3292871.407
9.64019665,2431597.553,3292869.989
9.650195817,2431597.515,3292870.201
9.660194984,2431597.808,3292868.59
9.67019415,2431597.516,3292870.195
9.680193317,2431597.575,3292869.871
9.690192484,2431597.236,3292871.73
9.700191651,2431597.554,3292869.984
9.710190817,2431597.567,3292869.913
9.720189984,2431597.732,3292869.009
9.730189151,2431597.551,3292870.001
9.740188318,2431597.424,3292870.7
9.750187484,2431597.444,3292870.589
9.760186651,2431597.404,3292870.807
9.770185818,2431597.728,3292869.032
9.780184985,2431597.548,3292870.016
9.790184151,2431597.636,3292869.536
9.800183318,2431597.261,3292871.592
9.810182485,2431597.531,3292870.112
9.820181652,2431597.466,3292870.468
9.830180818,2431597.755,3292868.879
9.840179985,2431597.588,3292869.796
9.850179152,2431597.536,3292870.085
9.860178318,2431597.374,3292870.973
9.870177485,2431597.36,3292871.048
9.880176652,2431597.675,3292869.321
9.890175819,2431597.622,3292869.613
9.900174985,2431597.733,3292869.003
9.910174152,2431597.364,3292871.03
9.920173319,2431597.493,3292870.318
9.930172486,2431597.285,3292871.462
9.940171652,2431597.688,3292869.252
9.950170819,2431597.6,3292869.734
9.960169986,2431597.669,3292869.354
9.970169153,2431597.407,3292870.794
9.980168319,2431597.386,3292870.908
9.990167486,2431597.517,3292870.188
10.00016665,2431597.552,3292869.997
10.01016582,2431597.738,3292868.978
10.02016499,2431597.475,3292870.418
10.03016415,2431597.538,3292870.071
10.04016332,2431597.261,3292871.593
10.05016249,2431597.661,3292869.4
10.06016165,2431597.579,3292869.848
10.07016082,2431597.758,3292868.864
10.08015999,2431597.441,3292870.603
10.09015915,2431597.433,3292870.647
10.10015832,2431597.376,3292870.96
10.11015749,2431597.494,3292870.316
10.12015665,2431597.741,3292868.961
10.13015582,2431597.605,3292869.703
10.14015499,2431597.58,3292869.841
10.15015415,2431597.251,3292871.648
10.16015332,2431597.537,3292870.079
10.17015249,2431597.423,3292870.706
10.18015165,2431597.782,3292868.734
10.19015082,2431597.547,3292870.026
10.20014999,2431597.573,3292869.882
10.21014915,2431597.341,3292871.152
10.22014832,2431597.469,3292870.454
10.23014749,2431597.628,3292869.58
10.24014665,2431597.638,3292869.523
10.25014582,2431597.639,3292869.517
10.26014499,2431597.353,3292871.088
10.27014415,2431597.508,3292870.24
10.28014332,2431597.349,3292871.108
10.29014249,2431597.768,3292868.811
10.30014165,2431597.58,3292869.843
10.31014082,2431597.646,3292869.483
10.32013999,2431597.291,3292871.43
10.33013916,2431597.429,3292870.672
10.34013832,2431597.477,3292870.407
10.35013749,2431597.645,3292869.485
10.36013666,2431597.722,3292869.063
10.37013582,2431597.51,3292870.224
10.38013499,2431597.474,3292870.425
10.39013416,2431597.271,3292871.54
10.40013332,2431597.668,3292869.359
10.41013249,2431597.544,3292870.04
10.42013166,2431597.765,3292868.828
10.43013082,2431597.417,3292870.735
10.44012999,2431597.5,3292870.282
10.45012916,2431597.36,3292871.051
10.46012832,2431597.596,3292869.756
10.47012749,2431597.665,3292869.378
10.48012666,2431597.594,3292869.765
10.49012582,2431597.485,3292870.364
10.50012499,2431597.286,3292871.458
10.51012416,2431597.579,3292869.848
10.52012332,2431597.487,3292870.354
10.53012249,2431597.801,3292868.631
10.54012166,2431597.495,3292870.311
10.55012082,2431597.534,3292870.095
10.56011999,2431597.248,3292871.667
10.57011916,2431597.554,3292869.983
10.58011832,2431597.612,3292869.669
10.59011749,2431597.714,3292869.105
10.60011666,2431597.602,3292869.724
10.61011582,2431597.393,3292870.869
10.62011499,2431597.452,3292870.544
10.63011416,2431597.376,3292870.959
10.64011332,2431597.758,3292868.865
10.65011249,2431597.55,3292870.005
10.66011166,2431597.647,3292869.478
10.67011082,2431597.287,3292871.452
10.68010999,2431597.518,3292870.184
10.69010916,2431597.456,3292870.525
10.70010832,2431597.7,3292869.184
10.71010749,2431597.608,3292869.687
10.72010666,2431597.493,3292870.317
10.73010582,2431597.404,3292870.806
10.74010499,2431597.355,3292871.077
10.75010416,2431597.714,3292869.109
10.76010332,2431597.591,3292869.782
10.77010249,2431597.733,3292869.002
10.78010166,2431597.36,3292871.048
10.79010082,2431597.486,3292870.358
10.80009999,2431597.308,3292871.336
10.81009916,2431597.702,3292869.176
10.82009833,2431597.65,3292869.461
10.83009749,2431597.641,3292869.508
10.84009666,2431597.433,3292870.651
10.85009583,2431597.341,3292871.157
10.86009499,2431597.52,3292870.175
10.87009416,2431597.509,3292870.23
10.88009333,2431597.764,3292868.834
10.89009249,2431597.471,3292870.439
10.90009166,2431597.545,3292870.033
10.91009083,2431597.266,3292871.567
10.92008999,2431597.644,3292869.49
10.93008916,2431597.569,3292869.902
10.94008833,2431597.716,3292869.098
10.95008749,2431597.481,3292870.385
10.96008666,2431597.42,3292870.723
10.97008583,2431597.426,3292870.687
10.98008499,2431597.496,3292870.306
10.99008416,2431597.784,3292868.721
11.00008333,2431597.567,3292869.913
11.01008249,2431597.579,3292869.847
11.02008166,2431597.243,3292871.694
11.03008083,2431597.533,3292870.101
11.04007999,2431597.429,3292870.67
11.05007916,2431597.783,3292868.731
11.06007833,2431597.577,3292869.859
11.07007749,2431597.525,3292870.146
11.08007666,2431597.347,3292871.122
11.09007583,2431597.424,3292870.701
11.10007499,2431597.643,3292869.497
11.11007416,2431597.603,3292869.715
11.12007333,2431597.685,3292869.267
11.13007249,2431597.366,3292871.019
11.14007166,2431597.527,3292870.134
11.15007083,2431597.348,3292871.117
11.16006999,2431597.764,3292868.834
11.17006916,2431597.581,3292869.835
11.18006833,2431597.614,3292869.657
11.19006749,2431597.335,3292871.187
11.20006666,2431597.425,3292870.694
11.21006583,2431597.516,3292870.192
11.22006499,2431597.617,3292869.639
11.23006416,2431597.744,3292868.945
11.24006333,2431597.453,3292870.541
11.25006249,2431597.462,3292870.491
11.26006166,2431597.252,3292871.643
11.27006083,2431597.676,3292869.316
11.28005999,2431597.553,3292869.992
11.29005916,2431597.769,3292868.806
11.30005833,2431597.449,3292870.562
11.3100575,2431597.466,3292870.471
11.32005666,2431597.374,3292870.975
11.33005583,2431597.568,3292869.91
11.340055,2431597.704,3292869.163
11.35005416,2431597.573,3292869.879
11.36005333,2431597.539,3292870.066
11.3700525,2431597.292,3292871.421
11.38005166,2431597.589,3292869.792
11.39005083,2431597.46,3292870.501
11.40005,2431597.786,3292868.71
11.41004916,2431597.485,3292870.363
11.42004833,2431597.499,3292870.289
11.4300475,2431597.281,3292871.483
11.44004666,2431597.547,3292870.023
11.45004583,2431597.637,3292869.53
11.460045,2431597.669,3292869.355
11.47004416,2431597.624,3292869.601
11.48004333,2431597.347,3292871.119
11.4900425,2431597.46,3292870.501
11.50004166,2431597.376,3292870.961
11.51004083,2431597.799,3292868.643
11.52004,2431597.57,3292869.896
11.53003916,2431597.653,3292869.441
11.54003833,2431597.312,3292871.313
11.5500375,2431597.487,3292870.354
11.56003666,2431597.458,3292870.513
11.57003583,2431597.664,3292869.384
11.580035,2431597.648,3292869.467
11.59003416,2431597.465,3292870.476
11.60003333,2431597.439,3292870.615
11.6100325,2431597.339,3292871.166
11.62003166,2431597.713,3292869.111
11.63003083,2431597.546,3292870.027
11.64003,2431597.721,3292869.071
11.65002916,2431597.362,3292871.037
11.66002833,2431597.475,3292870.417
11.6700275,2431597.35,3292871.106
11.68002666,2431597.707,3292869.145
11.69002583,2431597.684,3292869.272
11.700025,2431597.6,3292869.733
11.71002416,2431597.463,3292870.483
11.72002333,2431597.308,3292871.333
11.7300225,2431597.541,3292870.056
11.74002166,2431597.506,3292870.247
11.75002083,2431597.803,3292868.62
11.76002,2431597.47,3292870.446
11.77001917,2431597.529,3292870.121
11.78001833,2431597.263,3292871.585
11.7900175,2431597.603,3292869.714
11.80001667,2431597.56,3292869.951
11.81001583,2431597.68,3292869.294
11.820015,2431597.532,3292870.107
11.83001417,2431597.399,3292870.836
11.84001333,2431597.461,3292870.495
11.8500125,2431597.48,3292870.39
11.86001167,2431597.799,3292868.639
11.87001083,2431597.529,3292870.12
11.88001,2431597.588,3292869.8
11.89000917,2431597.265,3292871.569
11.90000833,2431597.543,3292870.044
11.9100075,2431597.463,3292870.482
11.92000667,2431597.78,3292868.745
11.93000583,2431597.599,3292869.739
11.940005,2431597.466,3292870.469
11.95000417,2431597.359,3292871.056
11.96000333,2431597.386,3292870.907
11.9700025,2431597.663,3292869.386
11.98000167,2431597.583,3292869.827
11.99000083,2431597.717,3292869.091
12,2431597.355,3292871.076
12.01099908,2431597.519,3292870.178
12.02099825,2431597.565,3292869.925
12.03099742,2431597.319,3292871.276
12.04099658,2431597.494,3292870.317
12.05099575,2431597.541,3292870.058
12.06099492,2431597.66,3292869.406
12.07099408,2431597.655,3292869.43
12.08099325,2431597.355,3292871.079
12.09099242,2431597.487,3292870.352
12.10099158,2431597.408,3292870.789
12.11099075,2431597.761,3292868.847
12.12098992,2431597.551,3292869.999
12.13098908,2431597.685,3292869.269
12.14098825,2431597.307,3292871.342
12.15098742,2431597.449,3292870.563
12.16098658,2431597.443,3292870.592
12.17098575,2431597.709,3292869.137
12.18098492,2431597.688,3292869.248
12.19098408,2431597.483,3292870.373
12.20098325,2431597.454,3292870.534
12.21098242,2431597.296,3292871.399
12.22098158,2431597.607,3292869.696
12.23098075,2431597.538,3292870.074
12.24097992,2431597.797,3292868.651
12.25097909,2431597.403,3292870.815
12.26097825,2431597.493,3292870.318
12.27097742,2431597.345,3292871.131
12.28097659,2431597.649,3292869.464
12.29097575,2431597.616,3292869.643
12.30097492,2431597.621,3292869.619
12.31097409,2431597.525,3292870.144
12.32097325,2431597.323,3292871.252
12.33097242,2431597.531,3292870.113
12.34097159,2431597.534,3292870.096
12.35097075,2431597.798,3292868.647
12.36096992,2431597.447,3292870.57
12.37096909,2431597.541,3292870.056
12.38096825,2431597.249,3292871.659
12.39096742,2431597.558,3292869.963
12.40096659,2431597.555,3292869.978
12.41096575,2431597.746,3292868.934
12.42096492,2431597.58,3292869.842
12.43096409,2431597.38,3292870.941
12.44096325,2431597.416,3292870.743
12.45096242,2431597.439,3292870.615
12.46096159,2431597.734,3292868.999
12.47096075,2431597.555,3292869.982
12.48095992,2431597.7,3292869.185
12.49095909,2431597.301,3292871.375
12.50095825,2431597.509,3292870.23
12.51095742,2431597.44,3292870.613
12.52095659,2431597.748,3292868.92
12.53095575,2431597.569,3292869.904
12.54095492,2431597.499,3292870.286
12.55095409,2431597.409,3292870.781
12.56095325,2431597.389,3292870.889
12.57095242,2431597.628,3292869.579
12.58095159,2431597.601,3292869.726
12.59095075,2431597.736,3292868.986
12.60094992,2431597.317,3292871.286
12.61094909,2431597.48,3292870.392
12.62094825,2431597.332,3292871.203
12.63094742,2431597.724,3292869.05
12.64094659,2431597.614,3292869.655
12.65094575,2431597.683,3292869.277
12.66094492,2431597.439,3292870.615
12.67094409,2431597.363,3292871.036
12.68094325,2431597.474,3292870.426
12.69094242,2431597.581,3292869.837
12.70094159,2431597.762,3292868.842
12.71094075,2431597.451,3292870.549
12.72093992,2431597.563,3292869.934
12.73093909,2431597.277,3292871.504
12.74093826,2431597.6,3292869.732
12.75093742,2431597.524,3292870.147
12.76093659,2431597.749,3292868.915
12.77093576,2431597.446,3292870.577
12.78093492,2431597.421,3292870.714
12.79093409,2431597.41,3292870.773
12.80093326,2431597.549,3292870.012
12.81093242,2431597.723,3292869.06
12.82093159,2431597.576,3292869.863
12.83093076,2431597.613,3292869.66
12.84092992,2431597.249,3292871.66
12.85092909,2431597.525,3292870.143
12.86092826,2431597.47,3292870.445
12.87092742,2431597.818,3292868.535
12.88092659,2431597.539,3292870.066
12.89092576,2431597.547,3292870.024
12.90092492,2431597.333,3292871.2
12.91092409,2431597.438,3292870.622
12.92092326,2431597.569,3292869.904
12.93092242,2431597.641,3292869.509
12.94092159,2431597.685,3292869.267
12.95092076,2431597.333,3292871.197
12.96091992,2431597.507,3292870.242
12.97091909,2431597.378,3292870.95
12.98091826,2431597.729,3292869.023
12.99091742,2431597.546,3292870.031
13.00091659,2431597.676,3292869.316
13.01091576,2431597.336,3292871.182
13.02091492,2431597.447,3292870.571
13.03091409,2431597.504,3292870.259
13.04091326,2431597.683,3292869.277
13.05091242,2431597.706,3292869.152
13.06091159,2431597.448,3292870.564
13.07091076,2431597.479,3292870.398
13.08090992,2431597.276,3292871.51
13.09090909,2431597.63,3292869.565
13.10090826,2431597.558,3292869.963
13.11090742,2431597.794,3292868.667
13.12090659,2431597.392,3292870.876
13.13090576,2431597.457,3292870.516
13.14090492,2431597.351,3292871.1
13.15090409,2431597.593,3292869.769
13.16090326,2431597.646,3292869.48
13.17090242,2431597.613,3292869.664
13.18090159,2431597.567,3292869.912
13.19090076,2431597.301,3292871.376
13.20089993,2431597.558,3292869.961
13.21089909,2431597.515,3292870.201
13.22089826,2431597.786,3292868.71
13.23089743,2431597.452,3292870.546
13.24089659,2431597.557,3292869.967
13.25089576,2431597.287,3292871.45
13.26089493,2431597.549,3292870.014
13.27089409,2431597.595,3292869.761
13.28089326,2431597.704,3292869.163
13.29089243,2431597.578,3292869.855
13.30089159,2431597.327,3292871.233
13.31089076,2431597.44,3292870.61
13.32088993,2431597.416,3292870.744
13.33088909,2431597.753,3292868.893
13.34088826,2431597.562,3292869.944
13.35088743,2431597.701,3292869.178
13.36088659,2431597.286,3292871.457
13.37088576,2431597.482,3292870.379
13.38088493,2431597.464,3292870.482
13.39088409,2431597.721,3292869.069
13.40088326,2431597.615,3292869.65
13.41088243,2431597.505,3292870.254
13.42088159,2431597.46,3292870.5
13.43088076,2431597.358,3292871.063
13.44087993,2431597.646,3292869.48
13.45087909,2431597.572,3292869.887
13.46087826,2431597.725,3292869.046
13.47087743,2431597.308,3292871.335
13.48087659,2431597.492,3292870.325
13.49087576,2431597.355,3292871.075
13.50087493,2430349.219,3310331.551
13.51087409,2358312.916,4742491.422
13.52087326,2330188.196,6635552.23
13.53087243,2547604.025,7095863.741
13.54087159,3049649.937,6325378.697
13.55087076,3687148.68,5447249.283
13.56086993,4263426.066,5197357.895
13.57086909,4660290.678,5648854.132
13.58086826,4871091.052,6409909.716
13.59086743,4961216.235,7041277.696
13.60086659,5007001.267,7361260.525
13.61086576,5054540.313,7437746.291
13.62086493,5114112.654,7411564.884
13.63086409,5176453.471,7380675.352
13.64086326,5228428.475,7385423.99
13.65086243,5262616.73,7423899.025
13.66086159,5279877.204,7473107.584
13.67086076,5285574.321,7514152.354
13.68085993,5285665.354,7540695.165
13.6908591,5285553.26,7549974.049
13.70085826,5287144.911,7549880.923
13.71085743,5290275.732,7547075.599
13.7208566,5294398.02,7543149.52
13.73085576,5298306.227,7540475.038
13.74085493,5301256.807,7539621.11
13.7508541,5303374.558,7538978.894
13.76085326,5304710.165,7539150.059
13.77085243,5305443.189,7540703.249
13.7808516,5306269.326,7541622.169
13.79085076,5307171.431,7542763.746
13.80084993,5308232.942,7543669.779
13.8108491,5309714.884,7542774.796
13.82084826,5311285.639,7541326.472
13.83084743,5312788.916,7539752.221
13.8408466,5314325.165,7537598.489
13.85084576,5315589.583,7536490.946
13.86084493,5316570.169,7536594.491
13.8708441,5317606.299,7536513.944
13.88084326,5318474.494,7537376.065
13.89084243,5319425.311,7537910.171
13.9008416,5320615.815,7537368.994
13.91084076,5321834.231,7536651.079
13.92083993,5323086.684,7535609.863
13.9308391,5324464.417,7533876.302
13.94083826,5325602.427,7533141.486
13.95083743,5326662.32,7532666.187
13.9608366,5327722.067,7532214.889
13.97083576,5328587.949,7532669.651
13.98083493,5329539.816,7532739.601
13.9908341,5330599.958,7532364.528
14.00083326,5331627.817,7532106.1
14.01083243,5332756.058,7531318.874
14.0208316,5333970.563,7530105.621
14.03083076,5334991.746,7529658.705
14.04082993,5336087.785,7528808.119
14.0508291,5337094.293,7528349.105
14.06082826,5337971.907,7528425.823
14.07082743,5338924.931,7528169.555
14.0808266,5339888.565,7527896.364
14.09082576,5340793.969,7527842.651
14.10082493,5341848.524,7527116.497
14.1108241,5342882.926,7526457.813
14.12082326,5343841.251,7526048.424
14.13082243,5344909.378,7525131.825
14.1408216,5345838.915,7524781.237
14.15082076,5346733.584,7524530.428
14.16081993,5347673.75,7524086.646
14.1708191,5348548.499,7523919.739
14.18081827,5349405.321,7523794.644
14.19081743,5350389.16,7523141.813
14.2008166,5351267.524,7522904.237
14.21081577,5352201.248,7522386.585
14.22081493,5353179.272,7521672.096
14.2308141,5354044.098,7521384.361
14.24081327,5354944.725,7520909.515
14.25081243,5355845.399,7520433.022
14.2608116,5356654.171,7520305.266
14.27081077,5357513.723,7519950.172
14.28080993,5358395.95,7519510.357
14.2908091,5359187.849,7519401.709
14.30080827,5360096.677,7518803.851
14.31080743,5360959.616,7518379.759
14.3208066,5361782.94,7518071.588
14.33080577,5362665.535,7517507.99
14.34080493,5363496.679,7517136.013
14.3508041,5364280.685,7516913.98
14.36080327,5365134.787,7516410.558
14.37080243,5365914.425,7516189.06
14.3808016,5366692.051,7515945.929
14.39080077,5367541.026,7515424.675
14.40079993,5368305.338,7515211.927
14.4107991,5369109.758,7514814.896
14.42079827,5369939.65,7514314.239
14.43079743,5370697.85,7514062.868
14.4407966,5371487.336,7513666.191
14.45079577,5372288.337,7513222.917
14.46079493,5373008.556,7513060.564
14.4707941,5373790.503,7512649.834
14.48079327,5374555.86,7512299.251
14.49079243,5375271.978,7512107.389
14.5007916,5376056.875,7511647.919
14.51079077,5376800.013,7511335.508
14.52078993,5377522.354,7511072.388
14.5307891,5378301.014,7510592.476
14.54078827,5379021.653,7510313.411
14.55078743,5379733.809,7510039.858
14.5607866,5380490.066,7509601.067
14.57078577,5381182.008,7509382.305
14.58078493,5381889.598,7509086.17
14.5907841,5382628.415,7508675.575
14.60078327,5383299.2,7508491.972
14.61078243,5384020.494,7508110.971
14.6207816,5384734.964,7507750.069
14.63078077,5385404.207,7507529.398
14.64077994,5386116.997,7507141.156
14.6507791,5386812.253,7506809.221
14.66077827,5387468.873,7506592.23
14.67077744,5388173.573,7506198.082
14.6807766,5388840.853,7505927.847
14.69077577,5389487.637,7505708.902
14.70077494,5390190.208,7505292.409
14.7107741,5390828.558,7505086.54
14.72077327,5391493.125,7504773.321
14.73077244,5392166.16,7504426.433
14.7407716,5392804.62,7504184.622
14.75077077,5393454.778,7503887.31
14.76076994,5394125.029,7503518.541
14.7707691,5394734.39,7503339.959
14.78076827,5395392.085,7502987.465
14.79076744,5396031.985,7502690.754
14.8007666,5396638.155,7502490.364
14.81076577,5397291.958,7502124.314
14.82076494,5397903.393,7501891.869
14.8307641,5398522.019,7501620.716
14.84076327,5399154.688,7501296.966
14.85076244,5399766.649,7501033.232
14.8607616,5400360.997,7500811.637
14.87076077,5401003.794,7500429.165
14.88075994,5401577.01,7500261.295
14.8907591,5402195.367,7499935.637
14.90075827,5402797.642,7499658.274
14.91075744,5403376.274,7499444.807
14.9207566,5403981.128,7499138.562
14.93075577,5404572.588,7498870.237
14.94075494,5405146.657,7498644.871
14.9507541,5405742.31,7498343.891
14.96075327,5406326.48,7498073.99
14.97075244,5406882.658,7497878.428
14.9807516,5407491.549,7497514.023
14.99075077,5408032.577,7497353.102
15.00074994,5408615.529,7497050.992
15.0107491,5409183.395,7496791.777
15.02074827,5409741.27,7496554.586
15.03074744,5410297.811,7496312.02
15.0407466,5410868.66,7496022.072
15.05074577,5411403.631,7495831.818
15.06074494,5411972.413,7495531.052
15.0707441,5412522.54,7495282.965
15.08074327,5413049.687,7495093.118
15.09074244,5413620.487,7494767.338
15.1007416,5414140.932,7494586.441
15.11074077,5414688.956,7494313.472
15.12073994,5415224.23,7494074.371
15.13073911,5415758.168,7493832.623
15.14073827,5416278.589,7493621.903
15.15073744,5416828.631,7493320.718
15.16073661,5417327.671,7493161.322
15.17073577,5417869.933,7492868.12
15.18073494,5418387.086,7492645.006
15.19073411,5418896.165,7492436.199
15.20073327,5419427.579,7492157.71
15.21073244,5419928.989,7491961.063
15.22073161,5420441.136,7491725.378
15.23073077,5420954.053,7491483.212
15.24072994,5421461.602,7491251.004
15.25072911,5421953.427,7491055.702
15.26072827,5422475.232,7490772.345
15.27072744,5422948.64,7490619.185
15.28072661,5423467.029,7490332.592
15.29072577,5423953.747,7490132.168
15.30072494,5424441.877,7489920.173
15.31072411,5424938.587,7489679.432
15.32072327,5425425.516,7489461.921
15.33072244,5425905.497,7489256.682
15.34072161,5426396.534,7489016.747
15.35072077,5426873.781,7488810.35
15.36071994,5427347.835,7488605.898
15.37071911,5427841.321,7488345.371
15.38071827,5428293.96,7488190.447
15.39071744,5428782.959,7487931.041
15.40071661,5429246.576,7487737.781
15.41071577,5429715.211,7487524.384
15.42071494,5430184.653,7487304.443
15.43071411,5430650.328,7487091.235
15.44071327,5431102.874,7486907.072
15.45071244,5431575.524,7486665.505
15.46071161,5432026.855,7486476.724
15.47071077,5432482.555,7486270.454
15.48070994,5432945.67,7486041.915
15.49070911,5433383.371,7485875.234
15.50070827,5433846.835,7485636.106
15.51070744,5434290.868,7485445.177
15.52070661,5434734.404,7485249.979
15.53070577,5435182.661,7485038.727
15.54070494,5435628.004,7484831.896
15.55070411,5436061.588,7484650.054
15.56070327,5436510.131,7484426.493
15.57070244,5436938.035,7484252.411
15.58070161,5437377.146,7484044.526
15.59070077,5437817.579,7483830.717
15.60069994,5438238.296,7483662.652
15.61069911,5438675.724,7483448.133
15.62069828,5439101.485,7483260.531
15.63069744,5439525.682,7483072.06
15.64069661,5439956.108,7482864.719
15.65069578,5440376.603,7482679.239
15.66069494,5440794.044,7482496.752
15.67069411,5441221.088,7482287.735
15.68069328,5441632.646,7482113.681
15.69069244,5442050.912,7481918.697
15.70069161,5442470.006,7481719.459
15.71069078,5442873.556,7481554.512
15.72068994,5443294.404,7481343.533
15.73068911,5443700.243,7481166.86
15.74068828,5444105.102,7480988.433
15.75068744,5444516.062,7480792.501
15.76068661,5444918.799,7480613.462
15.77068578,5445322.719,7480427.656
15.78068494,5445726.956,7480238.867
15.79068411,5446120.874,7480071.546
15.80068328,5446521.194,7479885.277
15.81068244,5446925.337,7479687.859
15.82068161,5447310.251,7479532.591
15.83068078,5447713.802,7479330.054
15.84067994,5448098.74,7479169.389
15.85067911,5448492.932,7478983.201
15.86067828,5448883.674,7478802.828
15.87067744,5449269.467,7478631.138
15.88067661,5449655.769,7478455.157
15.89067578,5450044.645,7478271.042
15.90067494,5450423.95,7478106.041
15.91067411,5450807.44,7477928.416
15.92067328,5451191.742,7477747.072
15.93067244,5451561.852,7477595.058
15.94067161,5451953.021,7477392.203
15.95067078,5452318.979,7477244.959
15.96066994,5452700.28,7477059.459
15.97066911,5453069.108,7476900.475
15.98066828,5453444.84,7476722.994
15.99066744,5453814.795,7476556.039
16.00066661,5454189.281,7476376.794
16.01066578,5454549.075,7476227.887
16.02066494,5454921.532,7476048.144
16.03066411,5455288.397,7475879.086
16.04066328,5455647.62,7475723.976
16.05066244,5456019.729,7475538.396
16.06066161,5456370.441,7475398.081
16.07066078,5456741.946,7475208.995
16.08065994,5457093.971,7475061.23
16.09065911,5457456.505,7474887.789
16.10065828,5457807.658,7474737.176
16.11065745,5458172.272,7474555.151
16.12065661,5458517.535,7474412.943
16.13065578,5458879.452,7474232.454
16.14065495,5459223.947,7474087.96
16.15065411,5459576.123,7473924.212
16.16065328,5459930.775,7473753.697
16.17065245,5460272.628,7473608.312
16.18065161,5460627.438,7473433.027
16.19065078,5460964.734,7473293.674
16.20064995,5461315.916,7473122.377
16.21064911,5461654.963,7472975
16.22064828,5462006.037,7472800.337
16.23064745,5462335.802,7472668.679
16.24064661,5462687.678,7472488.644
16.25064578,5463016.872,7472354.454
16.26064495,5463363.294,7472182.011
16.27064411,5463695.718,7472037.604
16.28064328,5464030.408,7471886.095
16.29064245,5464370.744,7471721.289
16.30064161,5464700.593,7471576.665
16.31064078,5465035.353,7471419.814
16.32063995,5465362.087,7471277.946
16.33063911,5465699.45,7471112.638
16.34063828,5466022.224,7470975.338
16.35063745,5466360.993,7470803.826
16.36063661,5466675.07,7470680.925
16.37063578,5467012.476,7470508.937
16.38063495,5467330.06,7470375.838
16.39063411,5467660.055,7470215.505
16.40063328,5467982.062,7470070.121
16.41063245,5468303.471,7469924.342
16.42063161,5468624.92,7469776.739
16.43063078,5468945.638,7469629.229
16.44062995,5469267.037,7469478.874
16.45062911,5469581.28,7469341.111
16.46062828,5469904.864,7469183.541
16.47062745,5470213.771,7469053.346
16.48062661,5470540.153,7468887.361
16.49062578,5470843.282,7468765.742
16.50062495,5471163.964,7468608.018
16.51062411,5471473.563,7468470.955
16.52062328,5471789.936,7468319.016
16.53062245,5472097.785,7468182.3
16.54062161,5472407.894,7468040.038
16.55062078,5472715.671,7467900.83
16.56061995,5473026.742,7467753.884
16.57061912,5473335.596,7467610.08
16.58061828,5473637.322,7467478.441
16.59061745,5473948.976,7467326.72
16.60061662,5474246.617,7467200.399
16.61061578,5474558.377,7467045.888
16.62061495,5474855.68,7466917.785
16.63061412,5475161.788,7466771.536
16.64061328,5475460.802,7466637.641
16.65061245,5475764.2,7466494.346
16.66061162,5476061.18,7466361.725
16.67061078,5476362.258,7466220.38
16.68060995,5476658.066,7466087.831
16.69060912,5476957.145,7465947.841
16.70060828,5477256.652,7465806.062
16.71060745,5477547.448,7465679.225
16.72060662,5477845.402,7465538.163
16.73060578,5478135.556,7465410.363
16.74060495,5478435.061,7465264.142
16.75060412,5478725.726,7465133.293
16.76060328,5479016.878,7465000.399
16.77060245,5479306.323,7464869.471
16.78060162,5479600.248,7464729.562
16.79060078,5479888.053,7464599.662
16.80059995,5480178.264,7464464.311
16.81059912,5480465.448,7464333.558
16.82059828,5480753.101,7464200.906
16.83059745,5481042.375,7464064.455
16.84059662,5481324.314,7463940.066
16.85059578,5481612.346,7463803.863
16.86059495,5481896.183,7463674.369
16.87059412,5482181.247,7463541.57
16.88059328,5482464.852,7463410.449
16.89059245,5482746.223,7463282.529
16.90059162,5483026.674,7463155.217
16.91059078,5483310.022,7463021.938
16.92058995,5483591.393,7462891.299
16.93058912,5483871.502,7462761.96
16.94058828,5484149.698,7462635.155
16.95058745,5484425.763,7462511.15
16.96058662,5484708.205,7462375.326
16.97058578,5484984.483,7462249.352
16.98058495,5485260.804,7462122.368
16.99058412,5485536.883,7461995.15
17.00058328,5485811.977,7461868.804
17.01058245,5486088.902,7461738.454
17.02058162,5486361.165,7461615.384
17.03058078,5486634.516,7461489.69
17.04057995,5486909.001,7461361.291
17.05057912,5487183.106,7461232.819
17.06057829,5487452.033,7461112.323
17.07057745,5487724.659,7460984.94
17.08057662,5487992.895,7460864.172
17.09057579,5488266.936,7460732.955
17.10057495,5488536.382,7460608.828
17.11057412,5488803.531,7460487.705
17.12057329,5489072.665,7460362.653
17.13057245,5489339.062,7460241.559
17.14057162,5489609.128,7460113.659
17.15057079,5489875.865,7459990.565
17.16056995,5490142.367,7459867.285
17.17056912,5490405.592,7459748.756
17.18056829,5490674.095,7459620.938
17.19056745,5490936.543,7459502.335
17.20056662,5491203.685,7459375.584
17.21056579,5491463.811,7459259.618
17.22056495,5491729.586,7459133.794
17.23056412,5491993.678,7459010.23
17.24056329,5492253.385,7458893.137
17.25056245,5492514.834,7458772.626
17.26056162,5492776.202,7458651.712
17.27056079,5493040.254,7458525.997
17.28055995,5493299.192,7458407.864
17.29055912,5493558.663,7458288.311
17.30055829,5493814.99,7458173.233
17.31055745,5494079.168,7458045.325
17.32055662,5494334.837,7457930.206
17.33055579,5494595.754,7457806.303
17.34055495,5494850.893,7457691.107
17.35055412,5495108.369,7457571.685
17.36055329,5495365.901,7457451.674
17.37055245,5495622.505,7457332.662
17.38055162,5495878.62,7457213.971
17.39055079,5496133.386,7457096.876
17.40054995,5496389.713,7456976.903
17.41054912,5496643.668,7456860.176
17.42054829,5496899.351,7456740.368
17.43054745,5497149.221,7456628.961
17.44054662,5497407.123,7456504.939
17.45054579,5497659.417,7456389.041
17.46054495,5497913.648,7456269.71
17.47054412,5498162.589,7456158.071
17.48054329,5498414.895,7456040.943
17.49054245,5498668.783,7455921.031
17.50054162,5498921.548,7455802.401
17.51054079,5499170.82,7455688.651
17.52053995,5499420.238,7455574.35
17.53053912,5499671.816,7455456.418
17.54053829,5499921.724,7455340.602
17.55053746,5500173.062,7455222.398
17.56053662,5500419.613,7455110.854
17.57053579,5500670.942,7454991.918
17.58053496,5500918.687,7454878.013
17.59053412,5501167.454,7454762.215
17.60053329,5501414.318,7454648.874
17.61053246,5501662.77,7454532.939
17.62053162,5501910.673,7454417.52
17.63053079,5502158.949,7454301.211
17.64052996,5502404.801,7454188.095
17.65052912,5502649.941,7454075.807
17.66052829,5502896.506,7453961.178
17.67052746,5503144.29,7453844.416
17.68052662,5503391.943,7453727.651
17.69052579,5503634.809,7453617.503
17.70052496,5503879.006,7453505.131
17.71052412,5504125.018,7453389.939
17.72052329,5504371.882,7453273.314
17.73052246,5504615.788,7453160.644
17.74052162,5504858.606,7453049.231
17.75052079,5505103.288,7452934.971
17.76051996,5505348.373,7452819.993
17.77051912,5505590.679,7452708.619
17.78051829,5505833.718,7452595.978
17.79051746,5506077.427,7452482.298
17.80051662,5506321.814,7452367.426
17.81051579,5506564.027,7452255.319
17.82051496,5506805.54,7452144.05
17.83051412,5507047.008,7452032.672
17.84051329,5507290.789,7451917.895
17.85051246,5507533.666,7451804.164
17.86051162,5507776.372,7451690.532
17.87051079,5508015.612,7451581.49
17.88050996,5508256.489,7451469.999
17.89050912,5508499.52,7451355.467
17.90050829,5508741.778,7451241.846
17.91050746,5508983.128,7451129.259
17.92050662,5509221.521,7451020.548
17.93050579,5509463.208,7450907.3
17.94050496,5509704.543,7450794.359
17.95050412,5509945.473,7450681.827
17.96050329,5510183.717,7450572.788
17.97050246,5510425.923,7450458.37
17.98050162,5510665.763,7450346.95
17.99050079,5510906.742,7450233.903
18.00049996,5511144.017,7450125.725
18.01049913,5511383.646,7450014.295
18.02049829,5511626.211,7449898.89
18.03049746,5511866.065,7449787.01
18.04049663,5512104.88,7449676.398
18.05049579,5512342.055,7449567.805
18.06049496,5512582.784,7449454.557
18.07049413,5512822.819,7449342.163
18.08049329,5513063.936,7449228.252
18.09049246,5513300.742,7449119.851
18.10049163,5513540.629,7449007.48
18.11049079,5513778.239,7448897.984
18.12048996,5514019.255,7448784.006
18.13048913,5514258.58,7448672.196
18.14048829,5514495.987,7448562.833
18.15048746,5514735.808,7448450.325
18.16048663,5514974.797,7448338.818
18.17048579,5515214.425,7448226.535
18.18048496,5515450.999,7448118.098
18.19048413,5515690.678,7448005.678
18.20048329,5515930.81,7447892.701
18.21048246,5516172.152,7447778.244
18.22048163,5516407.01,7447671.855
18.23048079,5516645.616,7447560.769
18.24047996,5516886.153,7447447.357
18.25047913,5517126.501,7447334.167
18.26047829,5517366.309,7447221.619
18.27047746,5517602.39,7447113.724
18.28047663,5517842.507,7447000.922
18.29047579,5518081.234,7446889.811
18.30047496,5518322.468,7446775.639
18.31047413,5518560.218,7446665.82
18.32047329,5518800.522,7446552.91
18.33047246,5519038.433,7446442.93
18.34047163,5519279.461,7446329.233
18.35047079,5519518.431,7446218.102
18.36046996,5519756.842,7446107.67
18.37046913,5519998.397,7445993.522
18.38046829,5520237.615,7445882.258
18.39046746,5520480.367,7445766.829
18.40046663,5520715.782,7445660.217
18.41046579,5520957.65,7445546.009
18.42046496,5521197.311,7445434.539
18.43046413,5521442.492,7445316.539
18.44046329,5521679.757,7445208.021
18.45046246,5521920.218,7445095.858
18.46046163,5522159.685,7444984.939
18.47046079,5522403.006,7444869.557
18.48045996,5522646.094,7444754.608
18.49045913,5522883.785,7444646.059
18.5004583,5523127.918,7444530.09
18.51045746,5523366.712,7444420.451
18.52045663,5523613.058,7444302.206
18.5304558,5523849.622,7444195.374
18.54045496,5524096.878,7444076.294
18.55045413,5524335.474,7443967.386
18.5604533,5524583.134,7443848.175
18.57045246,5524821.766,7443739.415
18.58045163,5525066.15,7443624.237
18.5904508,5525308.724,7443511.318
18.60044996,5525553.316,7443396.196
18.61044913,5525800.582,7443278.195
18.6204483,5526040.256,7443168.957
18.63044746,5526287.098,7443051.826
18.64044663,5526525.948,7442943.793
18.6504458,5526780.403,7442818.409
18.66044496,5527018.896,7442711.138
18.67044413,5527269.67,7442590.263
18.6804433,5527507.438,7442484.058
18.69044246,5527760.96,7442360.551
18.70044163,5528003.234,7442249.716
18.7104408,5528251.735,7442132.113
18.72043996,5528497.329,7442017.968
18.73043913,5528745.248,7441901.452
18.7404383,5528995.711,7441782.341
18.75043746,5529237.861,7441672.498
18.76043663,5529491.72,7441550.122
18.7704358,5529733.353,7441441.274
18.78043496,5529993.419,7441312.562
18.79043413,5530232.96,7441206.349
18.8004333,5530490.609,7441080.781
18.81043246,5530730.996,7440974.055
18.82043163,5530989.995,7440847.492
18.8304308,5531236.988,7440734.104
18.84042996,5531492.601,7440611.678
18.85042913,5531740.11,7440498.163
18.8604283,5531991.24,7440381.012
18.87042746,5532247.93,7440258.243
18.88042663,5532496.343,7440144.44
18.8904258,5532757.083,7440017.864
18.90042496,5533000.485,7439909.869
18.91042413,5533266.084,7439778.747
18.9204233,5533510.786,7439669.801
18.93042246,5533775.668,7439540.015
18.94042163,5534020.267,7439431.711
18.9504208,5534286.968,7439300.579
18.96041996,5534538.304,7439185.743
18.97041913,5534800.04,7439060.392
18.9804183,5535052.458,7438944.972
18.99041747,5535310.748,7438823.73
19.00041663,5535575.08,7438696.617
19.0104158,5535829.447,7438580.005
19.02041497,5536096.224,7438450.964
19.03041413,5536345.49,7438340.106
19.0404133,5536617.189,7438206.731
19.05041247,5536868.832,7438094.023
19.06041163,5537142.76,7437958.988
19.0704108,5537394.336,7437846.931
19.08040997,5537666.565,7437714.338
19.09040913,5537922.429,7437598.518
19.1004083,5538193.502,7437467.726
19.11040747,5538455.654,7437346.263
19.12040663,5538720.175,7437222.707
19.1304058,5538990.91,7437093.294
19.14040497,5539254.347,7436971.48
19.15040413,5539528.019,7436839.882
19.1604033,5539785.635,7436724.454
19.17040247,5540065.119,7436587.816
19.18040163,5540327.255,7436468.63
19.1904008,5540609.019,7436330.488
19.20039997,5540867.825,7436215.185
19.21039913,5541147.056,7436080.302
19.2203983,5541414.209,7435957.563
19.23039747,5541693.572,7435823.274
19.24039663,5541965.702,7435696.401
19.2503958,5542238.983,7435568.778
19.26039497,5542516.781,7435437.182
19.27039413,5542789.487,7435310.827
19.2803933,5543072.957,7435174.556
19.29039247,5543343.53,7435051.015
19.30039163,5543630.464,7434912.208
19.3103908,5543902.449,7434788.054
19.32038997,5544191.718,7434647.88
19.33038913,5544464.628,7434523.589
19.3403883,5544751.543,7434386.443
19.35038747,5545031.868,7434255.964
19.36038663,5545319.777,7434118.721
19.3703858,5545604.572,7433984.808
19.38038497,5545886.914,7433853.615
19.39038413,5546174.55,7433717.916
19.4003833,5546460.11,7433584.532
19.41038247,5546755.957,7433442.019
19.42038163,5547038.755,7433312.06
19.4303808,5547332.819,7433172.092
19.44037997,5547619.178,7433039.647
19.45037914,5547917.135,7432896.989
19.4603783,5548208,7432761.293
19.47037747,5548502.612,7432622.572
19.48037664,5548798.546,7432483.109
19.4903758,5549094.704,7432343.905
19.50037497,5549394.247,7432202.075
19.51037414,5549688.131,7432065.8
19.5203733,5549992.324,7431920.691
19.53037247,5550289.706,7431782.208
19.54037164,5550597.127,7431635.119
19.5503708,5550895.562,7431496.572
19.56036997,5551200.397,7431352.798
19.57036914,5551504.025,7431210.564
19.5803683,5551811.616,7431065.248
19.59036747,5552123.591,7430916.565
19.60036664,5552426.844,7430776.09
19.6103658,5552739.666,7430627.627
19.62036497,5553044.941,7430486.315
19.63036414,5553366.459,7430331.231
19.6403633,5553672.575,7430190.154
19.65036247,5553993.692,7430036.429
19.66036164,5554303.273,7429893.314
19.6703608,5554626.557,7429738.769
19.68035997,5554942.814,7429590.832
19.69035914,5555261.449,7429441.342
19.7003583,5555586.022,7429287.28
19.71035747,5555905.258,7429138.309
19.72035664,5556237.351,7428978.817
19.7303558,5556551.748,7428835.042
19.74035497,5556888.537,7428672.65
19.75035414,5557204.932,7428528.18
19.7603533,5557550.381,7428359.52
19.77035247,5557869.101,7428214.135
19.78035164,5558210.919,7428049.698
19.7903508,5558534.974,7427900.828
19.80034997,5558877.32,7427737.105
19.81034914,5559213.869,7427578.829
19.8203483,5559551.499,7427420.164
19.83034747,5559895.647,7427256.66
19.84034664,5560228.299,7427103.304
19.8503458,5560584.902,7426930.58
19.86034497,5560915.245,7426780.225
19.87034414,5561278.893,7426602.898
19.8803433,5561608.159,7426454.545
19.89034247,5561978.923,7426272.569
19.90034164,5562313.444,7426120.996
19.9103408,5562680.349,7425943.466
19.92033997,5563022.26,7425786.972
19.93033914,5563389.409,7425610.464
19.94033831,5563746.544,7425442.768
19.95033747,5564105.22,7425274.391
19.96033664,5564470.909,7425100.957
19.97033581,5564824.018,7424938.291
19.98033497,5565207.824,7424751.553
19.99033414,5565557.105,7424593.139
20.00033331,5565948.961,7424401.244
20.01033247,5566296.114,7424245.737
20.02033164,5566692.819,7424051.342
20.03033081,5567047.733,7423890.812
20.04032997,5567445.769,7423696.722
20.05032914,5567808.906,7423530.928
20.06032831,5568202.518,7423341.68
20.07032747,5568581.169,7423164.9
20.08032664,5568967.759,7422982.534
20.09032581,5569360.33,7422796.16
20.10032497,5569738.3,7422621.825
20.11032414,5570149.991,7422421.917
20.12032331,5570525.224,7422251.014
20.13032247,5570944.586,7422046.569
20.14032164,5571315.943,7421879.927
20.15032081,5571743.886,7421670.33
20.16031997,5572125.343,7421497.197
20.17031914,5572555.035,7421287.709
20.18031831,5572942.96,7421110.933
20.19031747,5573366.805,7420907.408
20.20031664,5573772.652,7420718.301
20.21031581,5574191.98,7420519.648
20.22031497,5574615.143,7420318.843
20.23031414,5575024.851,7420128.888
20.24031331,5575464.325,7419917.229
20.25031247,5575871.564,7419730.54
20.26031164,5576322.478,7419511.827
20.27031081,5576728.217,7419327.629
20.28030997,5577188.764,7419103.276
20.29030914,5577601.867,7418915.004
20.30030831,5578064.949,7418690.343
20.31030747,5578486.618,7418497.116
20.32030664,5578944.367,7418277.989
20.33030581,5579384.677,7418072.486
20.34030497,5579841.238,7417855.771
20.35030414,5580297.941,7417639.756
20.36030331,5580745.06,7417431.51
20.37030247,5581215.808,7417206.809
20.38030164,5581664.261,7416999.09
20.39030081,5582151.874,7416763.771
20.40029997,5582598.708,7416558.753
20.41029914,5583092.084,7416320.913
20.42029831,5583547.274,7416111.382
20.43029748,5584045.814,7415871.53
20.44029664,5584511.678,7415655.882
20.45029581,5585008.484,7415418.927
20.46029498,5585491.128,7415192.916
20.47029414,5585987.595,7414957.88
20.48029331,5586484.052,7414723.679
20.49029248,5586976.545,7414493.112
20.50029164,5587487.826,7414250.142
20.51029081,5587983.681,7414018.846
20.52028998,5588510.298,7413766.816
20.53028914,5589008.241,7413535.717
20.54028831,5589538.344,7413283.014
20.55028748,5590046.03,7413046.768
20.56028664,5590584.636,7412789.92
20.57028581,5591106.827,7412545.326
20.58028498,5591644.893,7412290.618
20.59028414,5592177.678,7412040.435
20.60028331,5592719.936,7411784.627
20.61028248,5593269.317,7411524.826
20.62028164,5593813.079,7411269.747
20.63028081,5594374.117,7411003.796
20.64027998,5594924.628,7410745.913
20.65027914,5595496.215,7410474.626
20.66027831,5596055.52,7410212.565
20.67027748,5596630.694,7409940.72
20.68027664,5597203.415,7409671.441
20.69027581,5597787.796,7409395.25
20.70027498,5598375.048,7409118.093
20.71027414,5598959.878,7408843.481
20.72027331,5599558.157,7408560.842
20.73027248,5600151.745,7408282.27
20.74027164,5600766.994,7407990.307
20.75027081,5601368.63,7407708.293
20.76026998,5601989.942,7407414.266
20.77026914,5602603.16,7407126.538
20.78026831,5603232.209,7406829.398
20.79026748,5603863.87,7406531.522
20.80026664,5604496.593,7406233.937
20.81026581,5605143.866,7405927.89
20.82026498,5605781.585,7405629.02
20.83026414,5606447.36,7405312.991
20.84026331,5607090.195,7405012.782
20.85026248,5607769.766,7404689.931
20.86026164,5608422.766,7404385.143
20.87026081,5609117.842,7404054.436
20.88025998,5609785.496,7403742.282
20.89025915,5610481.726,7403412.938
20.90025831,5611168.727,7403090.49
20.91025748,5611873.181,7402758.029
20.92025665,5612585.928,7402421.382
20.93025581,5613290.245,7402091.083
20.94025498,5614023.284,7401743.798
20.95025415,5614730.311,7401413.88
20.96025331,5615489.616,7401052.332
20.97025248,5616204.425,7400719.609
20.98025165,5616980.724,7400349.725
20.99025081,5617706.962,7400011.977
21.00024998,5622660.621,7397075.499
21.01024915,5934940.285,7208940.966
21.02024831,6399000.97,6935928.986
21.03024748,6541547.146,6861305.53
21.04024665,6180207.674,7089997.316
21.05024581,5617467.259,7435419.935
21.06024498,5204524.358,7685399.072
21.07024415,5302694.774,7622076.475
21.08024331,5719092.564,7365735.282
21.09024248,6101205.953,7131949.771
21.10024165,6136880.604,7110644.612
21.11024081,5860892.61,7279865.878
21.12023998,5546857.735,7472060.144
21.13023915,5427929.816,7544671.42
21.14023831,5549333.032,7470158.716
21.15023748,5751251.131,7346468.413
21.16023665,5853907.522,7283621.364
21.17023581,5837920.439,7293414.69
21.18023498,5738461.039,7354300.641
21.19023415,5682234.342,7388716.13
21.20023331,5679256.325,7390531.356
21.21023248,5702631.216,7376214.896
21.22023165,5716509.55,7367714.977
21.23023081,5717681.57,7366995.376
21.24022998,5715730.834,7368188.196
21.25022915,5715654.403,7368233.923
21.26022831,5716609.277,7367648.566
21.27022748,5717201.034,7367285.742
21.28022665,5717351.735,7367193.099
21.29022581,5717420.902,7367150.484
21.30022498,5717526.77,7367085.476
21.31022415,5717626.027,7367024.572
21.32022331,5717687.55,7366986.809
21.33022248,5717724.864,7366963.895
21.34022165,5717750.538,7366948.127
21.35022081,5717771.432,7366935.3
21.36021998,5717786.461,7366926.074
21.37021915,5717796.722,7366919.774
21.38021832,5717804.007,7366915.301
21.39021748,5717809.094,7366912.178
21.40021665,5717813.344,7366909.569
21.41021582,5717815.468,7366908.265
21.42021498,5717817.937,7366906.749
21.43021415,5717818.441,7366906.439
21.44021332,5717819.866,7366905.564
21.45021248,5717820.138,7366905.397
21.46021165,5717821.313,7366904.677
21.47021082,5717821.239,7366904.722
21.48020998,5717821.23,7366904.726
21.49020915,5717821.431,7366904.603
21.50020832,5717821.993,7366904.259
21.51020748,5717821.959,7366904.28
21.52020665,5717821.462,7366904.584
21.53020582,5717822.81,7366903.758
21.54020498,5717821.951,7366904.284
21.55020415,5717821.811,7366904.37
21.56020332,5717821.93,7366904.297
21.57020248,5717823.074,7366903.597
21.58020165,5717821.954,7366904.282
21.59020082,5717822.121,7366904.18
21.60019998,5717822.255,7366904.098
21.61019915,5717822.284,7366904.08
21.62019832,5717821.901,7366904.315
21.63019748,5717821.886,7366904.324
21.64019665,5717822.785,7366903.774
21.65019582,5717821.934,7366904.294
21.66019498,5717821.841,7366904.352
21.67019415,5717821.633,7366904.479
21.68019332,5717822.749,7366903.795
21.69019248,5717821.759,7366904.402
21.70019165,5717822.152,7366904.161
21.71019082,5717822.257,7366904.097
21.72018998,5717822.378,7366904.023
21.73018915,5717821.755,7366904.404
21.74018832,5717822.28,7366904.082
21.75018748,5717822.794,7366903.768
21.76018665,5717821.976,7366904.269
21.77018582,5717822.371,7366904.027
21.78018498,5717821.929,7366904.297
21.79018415,5717822.342,7366904.045
21.80018332,5717821.961,7366904.278
21.81018248,5717822.626,7366903.871
21.82018165,5717821.771,7366904.394
21.83018082,5717822.247,7366904.103
21.84017998,5717821.847,7366904.348
21.85017915,5717821.936,7366904.293
21.86017832,5717822.148,7366904.163
21.87017749,5717822.181,7366904.143
21.88017665,5717822.432,7366903.99
21.89017582,5717821.802,7366904.375
21.90017499,5717822.161,7366904.155
21.91017415,5717822.046,7366904.226
21.92017332,5717822.848,7366903.735
21.93017249,5717821.763,7366904.399
21.94017165,5717822.481,7366903.959
21.95017082,5717822.343,7366904.044
21.96016999,5717822.162,7366904.155
21.97016915,5717821.73,7366904.419
21.98016832,5717822.594,7366903.89
21.99016749,5717822.603,7366903.885
22.00016665,5717821.45,7366904.591
22.01016582,5717822.039,7366904.23
22.02016499,5717822.161,7366904.155
22.03016415,5717822.291,7366904.076
22.04016332,5717821.539,7366904.536
22.05016249,5717822.705,7366903.823
22.06016165,5717822.021,7366904.241
22.07016082,5717822.038,7366904.231
22.08015999,5717821.709,7366904.432
22.09015915,5717822.595,7366903.89
22.10015832,5717822.602,7366903.885
22.11015749,5717821.958,7366904.279
22.12015665,5717822.221,7366904.119
22.13015582,5717822.361,7366904.033
22.14015499,5717822.307,7366904.066
22.15015415,5717821.632,7366904.479
22.16015332,5717822.903,7366903.701
22.17015249,5717821.975,7366904.269
22.18015165,5717822.007,7366904.25
22.19015082,5717821.766,7366904.397
22.20014999,5717822.375,7366904.025
22.21014915,5717821.941,7366904.29
22.22014832,5717822.217,7366904.121
22.23014749,5717822.159,7366904.156
22.24014665,5717821.818,7366904.365
22.25014582,5717822.222,7366904.118
22.26014499,5717822.028,7366904.237
22.27014415,5717822.567,7366903.907
22.28014332,5717822.035,7366904.233
22.29014249,5717822.687,7366903.833
22.30014165,5717821.803,7366904.374
22.31014082,5717822.274,7366904.086
22.32013999,5717822.095,7366904.196
22.33013916,5717822.609,7366903.881
22.34013832,5717822.185,7366904.141
22.35013749,5717821.904,7366904.313
22.36013666,5717822.135,7366904.171
22.37013582,5717822.106,7366904.189
22.38013499,5717822.058,7366904.218
22.39013416,5717821.677,7366904.451
22.40013332,5717822.901,7366903.702
22.41013249,5717821.665,7366904.459
22.42013166,5717821.785,7366904.385
22.43013082,5717822.134,7366904.172
22.44012999,5717822.824,7366903.749
22.45012916,5717821.786,7366904.385
22.46012832,5717822.253,7366904.099
22.47012749,5717822.486,7366903.956
22.48012666,5717822.071,7366904.211
22.49012582,5717822.076,7366904.207
22.50012499,5717822.191,7366904.137
22.51012416,5717822.933,7366903.683
22.52012332,5717821.79,7366904.383
22.53012249,5717822.017,7366904.243
22.54012166,5717821.87,7366904.334
22.55012082,5717822.58,7366903.899
22.56011999,5717821.639,7366904.475
22.57011916,5717822.244,7366904.105
22.58011832,5717822.281,7366904.082
22.59011749,5717821.96,7366904.278
22.60011666,5717821.735,7366904.416
22.61011582,5717822.236,7366904.109
22.62011499,5717822.659,7366903.851
22.63011416,5717821.784,7366904.386
22.64011332,5717822.522,7366903.935
22.65011249,5717821.981,7366904.266
22.66011166,5717822.354,7366904.037
22.67011082,5717822.094,7366904.196
22.68010999,5717822.726,7366903.809
22.69010916,5717821.919,7366904.303
22.70010832,5717822.294,7366904.074
22.71010749,5717822.017,7366904.243
22.72010666,5717821.907,7366904.311
22.73010582,5717822.279,7366904.083
22.74010499,5717822.117,7366904.182
22.75010416,5717822.364,7366904.031
22.76010332,5717821.603,7366904.497
22.77010249,5717822.125,7366904.178
22.78010166,5717821.935,7366904.294
22.79010082,5717822.606,7366903.883
22.80009999,5717821.723,7366904.424
22.81009916,5717822.55,7366903.917
22.82009833,5717822.314,7366904.061
22.83009749,5717821.944,7366904.288
22.84009666,5717822.032,7366904.234
22.85009583,5717822.711,7366903.818
22.86009499,5717822.56,7366903.911
22.87009416,5717821.517,7366904.549
22.88009333,5717822.466,7366903.969
22.89009249,5717822.153,7366904.16
22.90009166,5717822.165,7366904.153
22.91009083,5717821.701,7366904.437
22.92008999,5717822.778,7366903.778
22.93008916,5717821.801,7366904.376
22.94008833,5717821.791,7366904.382
22.95008749,5717821.878,7366904.329
22.96008666,5717822.437,7366903.987
22.97008583,5717822.357,7366904.036
22.98008499,5717821.825,7366904.361
22.99008416,5717822.409,7366904.004
23.00008333,5717822.158,7366904.157
23.01008249,5717822.203,7366904.13
23.02008166,5717821.849,7366904.347
23.03008083,5717823.092,7366903.585
23.04007999,5717821.951,7366904.284
23.05007916,5717822.114,7366904.184
23.06007833,5717822.086,7366904.201
23.07007749,5717822.318,7366904.059
23.08007666,5717821.987,7366904.262
23.09007583,5717822.24,7366904.107
23.10007499,5717822.23,7366904.113
23.11007416,5717821.653,7366904.466
23.12007333,5717822.223,7366904.118
23.13007249,5717821.877,7366904.329
23.14007166,5717822.437,7366903.986
23.15007083,5717821.916,7366904.306
23.16006999,5717822.555,7366903.914
23.17006916,5717821.726,7366904.421
23.18006833,5717822.217,7366904.121
23.19006749,5717822.252,7366904.1
23.20006666,5717822.578,7366903.9
23.21006583,5717822.284,7366904.08
23.22006499,5717822.012,7366904.247
23.23006416,5717822.392,7366904.014
23.24006333,5717822.014,7366904.245
23.25006249,5717822.174,7366904.148
23.26006166,5717821.917,7366904.305
23.27006083,5717822.91,7366903.697
23.28005999,5717821.48,7366904.572
23.29005916,5717821.839,7366904.353
23.30005833,5717822.224,7366904.117
23.3100575,5717822.418,7366903.998
23.32005666,5717821.652,7366904.467
23.33005583,5717822.289,7366904.077
23.340055,5717822.446,7366903.981
23.35005416,5717821.728,7366904.421
23.36005333,5717822.219,7366904.12
23.3700525,5717822.319,7366904.059
23.38005166,5717822.865,7366903.724
23.39005083,5717821.725,7366904.423
23.40005,5717822.289,7366904.077
23.41004916,5717822.101,7366904.192
23.42004833,5717822.484,7366903.958
23.4300475,5717821.809,7366904.371
23.44004666,5717822.46,7366903.973
23.45004583,5717822.315,7366904.061
23.460045,5717821.691,7366904.443
23.47004416,5717821.88,7366904.328
23.48004333,5717822.159,7366904.157
23.4900425,5717822.45,7366903.979
23.50004166,5717821.635,7366904.478
23.51004083,5717822.553,7366903.915
23.52004,5717821.823,7366904.363
23.53003916,5717822.195,7366904.134
23.54003833,5717822.139,7366904.169
23.5500375,5717822.665,7366903.847
23.56003666,5717821.993,7366904.258
23.57003583,5717822.344,7366904.043
23.580035,5717822.226,7366904.116
23.59003416,5717821.939,7366904.291
23.60003333,5717822.512,7366903.94
23.6100325,5717822.18,7366904.144
23.62003166,5717822.41,7366904.003
23.63003083,5717821.594,7366904.502
23.64003,5717822.209,7366904.126
23.65002916,5717821.897,7366904.317
23.66002833,5717822.403,7366904.007
23.6700275,5717821.734,7366904.417
23.68002666,5717822.474,7366903.964
23.69002583,5717822.115,7366904.184
23.700025,5717821.657,7366904.464
23.71002416,5717822.217,7366904.121
23.72002333,5717822.596,7366903.889
23.7300225,5717822.416,7366904
23.74002166,5717821.635,7366904.477
23.75002083,5717822.771,7366903.782
23.76002,5717822.066,7366904.213
23.77001917,5717822.168,7366904.151
23.78001833,5717822.047,7366904.226
23.7900175,5717822.858,7366903.729
23.80001667,5717821.744,7366904.411
23.81001583,5717821.822,7366904.363
23.820015,5717822.157,7366904.158
23.83001417,5717822.235,7366904.11
23.84001333,5717822.191,7366904.137
23.8500125,5717821.771,7366904.394
23.86001167,5717822.426,7366903.993
23.87001083,5717821.813,7366904.369
23.88001,5717822.078,7366904.206
23.89000917,5717821.967,7366904.274
23.90000833,5717823.001,7366903.641
23.9100075,5717821.833,7366904.356
23.92000667,5717822.192,7366904.137
23.93000583,5717822.304,7366904.068
23.940005,5717822.206,7366904.128
23.95000417,5717822.179,7366904.144
23.96000333,5717822.404,7366904.007
23.9700025,5717822.378,7366904.022
23.98000167,5717821.657,7366904.464
23.99000083,5717822.378,7366904.023
24,5717821.832,7366904.357
