#Exudyn implicit second order time integration sensor output file
#measure Object number = 6
#OutputVariableType = VelocityLocal
#simulation started = 2023-06-18,00:20:52
#columns contain: time, comma separated sensor values (e.g, x,y,z position coordinates)
#number of sensor values = 1
#Exudyn version = 1.6.119.dev1; Python3.8.13; Linux FLOAT64
#
0,0
0.01099908341,-0.001056780647
0.02099825015,0.0001149549232
0.03099741688,-0.01055205437
0.04099658362,0.004659088846
0.05099575035,0.0007589859565
0.06099491709,-0.0005632239353
0.07099408383,-0.005133653255
0.08099325056,-0.0007475283376
0.0909924173,-0.000577414871
0.100991584,-0.001368564614
0.1109907508,-0.0008144921392
0.1209899175,0.001531894009
0.1309890842,0.003301945108
0.140988251,0.0008690960735
0.1509874177,0.0005478795702
0.1609865845,0.0003214642332
0.1709857512,-0.0006089233364
0.1809849179,-0.002321090241
0.1909840847,-0.001334314442
0.2009832514,-0.0003987375085
0.2109824181,0.0001094603491
0.2209815849,0.0004171396433
0.2309807516,0.001079287056
0.2409799183,0.00124831869
0.2509790851,0.0004223146958
0.2609782518,-0.0001770047636
0.2709774185,-0.000370709073
0.2809765853,-0.0005559522662
0.290975752,-0.000739703923
0.3009749188,-0.0003815362094
0.3109740855,0.00013706538
0.3209732522,0.0003246557063
0.330972419,0.0003263986945
0.3409715857,0.0003936248746
0.3509707524,0.0002573670427
0.3609699192,-9.147577421e-05
0.3709690859,-0.000264085474
0.3809682526,-0.0002131888264
0.3909674194,-0.0001981142853
0.4009665861,-0.0001465377017
0.4109657529,5.389798495e-05
0.4209649196,0.0001970520852
0.4309640863,0.0001504552532
0.4409632531,9.369619572e-05
0.4509624198,6.906720627e-05
0.4609615865,-2.916181586e-05
0.4709607533,-0.000133203716
0.48095992,-0.0001099843775
0.4909590867,-4.204739718e-05
0.5009582535,-2.180883801e-05
0.5109574202,1.643357945e-05
0.520956587,8.016457423e-05
0.5309557537,7.973219657e-05
0.5409549204,2.124561754e-05
0.5509540872,-3.412185648e-06
0.5609532539,-1.354470428e-05
0.5709524206,-4.355536818e-05
0.5809515874,-5.354457703e-05
0.5909507541,-1.502320013e-05
0.6009499208,1.365762729e-05
0.6109490876,1.447744581e-05
0.6209482543,2.2299246e-05
0.630947421,3.054014252e-05
0.6409465878,1.315914094e-05
0.6509457545,-1.266488976e-05
0.6609449213,-1.426837319e-05
0.670944088,-1.279446055e-05
0.6809432547,-1.455268823e-05
0.6909424215,-9.805470124e-06
0.7009415882,7.124322703e-06
0.7109407549,1.254264677e-05
0.7209399217,9.071607858e-06
0.7309390884,6.240260873e-06
0.7409382551,3.396491945e-06
0.7509374219,-2.996823715e-06
0.7609365886,-8.660241363e-06
0.7709357554,-6.028918626e-06
0.7809349221,-3.688238705e-06
0.7909340888,9.500811795e-07
0.8009332556,1.885440412e-06
0.8109324223,4.612359949e-06
0.820931589,3.677673315e-06
0.8309307558,3.525680916e-06
0.8409299225,-6.334569083e-07
0.8509290892,-3.455983992e-06
0.860928256,-2.789622416e-06
0.8709274227,-1.730204218e-06
0.8809265895,-1.60603088e-06
0.8909257562,-1.528395413e-06
0.9009249229,3.654493353e-06
0.9109240897,2.206056666e-06
0.9209232564,2.20502413e-07
0.9309224231,-1.058240376e-06
0.9409215899,2.464765273e-06
0.9509207566,-6.875125565e-07
0.9609199233,-2.720467522e-06
0.9709190901,-6.999640116e-07
0.9809182568,1.962759776e-06
0.9909174235,-4.825324512e-08
1.00091659,-1.782597162e-06
1.010915757,2.65892061e-06
1.020914924,1.633263027e-06
1.03091409,-1.151223566e-06
1.040913257,-2.990357994e-06
1.050912424,1.945663327e-06
1.060911591,-2.068808014e-08
1.070910757,-1.907998526e-06
1.080909924,-1.027193532e-06
1.090909091,2.526678394e-06
1.100908258,2.634159691e-07
1.110907424,-2.142307844e-06
1.120906591,1.278439036e-06
1.130905758,1.981223571e-06
1.140904925,-1.059664174e-07
1.150904091,-2.9211388e-06
1.160903258,1.76136109e-06
1.170902425,1.11865915e-06
1.180901592,-5.803425135e-07
1.190900758,-1.749041702e-06
1.200899925,2.209142759e-06
1.210899092,4.995393743e-07
1.220898258,-2.310224383e-06
1.230897425,-6.482117054e-07
1.240896592,1.651548204e-06
1.250895759,6.155204645e-07
1.260894925,-2.961445995e-06
1.270894092,6.180729628e-07
1.280893259,1.29706058e-06
1.290892426,4.528446623e-07
1.300891592,-2.244650179e-06
1.310890759,1.841611596e-06
1.320889926,1.375916436e-06
1.330889093,-1.024028587e-06
1.340888259,-1.491948826e-06
1.350887426,1.717564654e-06
1.360886593,1.740531188e-06
1.37088576,-2.259050124e-06
1.380884926,-5.29680926e-07
1.390884093,9.272758262e-07
1.40088326,9.729452982e-07
1.410882426,-2.803814998e-06
1.420881593,6.667033468e-07
1.43088076,1.206185851e-06
1.440879927,-1.511744185e-07
1.450879093,-2.533780949e-06
1.46087826,8.745979656e-07
1.470877427,2.199204662e-06
1.480876594,-1.000905776e-06
1.49087576,-1.06071254e-06
1.500874927,9.102323925e-07
1.510874094,2.05651427e-06
1.520873261,-2.149542951e-06
1.530872427,1.155823905e-07
1.540871594,1.238215585e-06
1.550870761,1.148611129e-06
1.560869928,-2.779432987e-06
1.570869094,-1.354025749e-07
1.580868261,1.753853146e-06
1.590867428,-1.198562368e-07
1.600866594,-1.926020603e-06
1.610865761,-1.5276829e-07
1.620864928,2.004592438e-06
1.630864095,-1.660188773e-06
1.640863261,-7.705698807e-07
1.650862428,7.61348976e-07
1.660861595,2.392320276e-06
1.670860762,-2.147974109e-06
1.680859928,-5.471691021e-07
1.690859095,1.487209726e-06
1.700858262,1.366870162e-06
1.710857429,-1.601021669e-06
1.720856595,-4.757501843e-07
1.730855762,2.01638566e-06
1.740854929,-6.45156602e-07
1.750854095,-1.432467749e-06
1.760853262,-4.025430651e-07
1.770852429,2.581379008e-06
1.780851596,-1.747333479e-06
1.790850762,-1.447457736e-06
1.800849929,2.06600305e-07
1.810849096,1.989158204e-06
1.820848263,-1.406325447e-06
1.830847429,-8.877579957e-07
1.840846596,1.645753389e-06
1.850845763,6.376115231e-07
1.86084493,-1.201410747e-06
1.870844096,-8.53408319e-07
1.880843263,2.968720005e-06
1.89084243,-2.826121364e-07
1.900841597,-1.204795547e-06
1.910840763,-7.708816541e-07
1.92083993,2.336719324e-06
1.930839097,-1.027539043e-06
1.940838263,-1.3903223e-06
1.95083743,4.980174334e-07
1.960836597,1.20372653e-06
1.970835764,-1.342301671e-06
1.98083493,-1.865525506e-06
1.990834097,2.085927965e-06
2.000833264,4.649232954e-05
2.010832431,0.006640218582
2.020831597,0.01979323577
2.030830764,0.04072826505
2.040829931,0.06191485246
2.050829098,0.07472849288
2.060828264,0.07527358168
2.070827431,0.06756218552
2.080826598,0.05929676091
2.090825765,0.0567742166
2.100824931,0.06179499179
2.110824098,0.07055410416
2.120823265,0.07716568435
2.130822431,0.07824750293
2.140821598,0.07424776083
2.150820765,0.06844339635
2.160819932,0.06550159704
2.170819098,0.06670492722
2.180818265,0.07079021867
2.190817432,0.0747105495
2.200816599,0.07587660621
2.210815765,0.07368709599
2.220814932,0.07047096197
2.230814099,0.06825398577
2.240813266,0.06848386435
2.250812432,0.07093420376
2.260811599,0.07332380163
2.270810766,0.07431590068
2.280809933,0.07337739562
2.290809099,0.07138559884
2.300808266,0.06968681215
2.310807433,0.06973676587
2.320806599,0.07066583471
2.330805766,0.0722311967
2.340804933,0.07302457506
2.3508041,0.0727181611
2.360803266,0.07183298702
2.370802433,0.07110673755
2.3808016,0.07083721755
2.390800767,0.07126747822
2.400799933,0.07185671288
2.4107991,0.07188028392
2.420798267,0.07189741189
2.430797434,0.07142561817
2.4407966,0.07135375809
2.450795767,0.07155762369
2.460794934,0.07199689623
2.4707941,0.07209796976
2.480793267,0.07213801371
2.490792434,0.07157588444
2.500791601,0.07123393016
2.510790767,0.07118226799
2.520789934,0.07127783739
2.530789101,0.07178801475
2.540788268,0.0720781723
2.550787434,0.07215418484
2.560786601,0.07197006674
2.570785768,0.07182398801
2.580784935,0.07146141873
2.590784101,0.07162116451
2.600783268,0.07149751585
2.610782435,0.07161692005
2.620781602,0.07167061271
2.630780768,0.07166742115
2.640779935,0.07174858804
2.650779102,0.07193112808
2.660778268,0.07195752849
2.670777435,0.0719614281
2.680776602,0.07193861726
2.690775769,0.07160729207
2.700774935,0.07163097027
2.710774102,0.0714481892
2.720773269,0.07157721184
2.730772436,0.07173044793
2.740771602,0.07187778643
2.750770769,0.07188887405
2.760769936,0.07202845385
2.770769103,0.07189261037
2.780768269,0.07187949055
2.790767436,0.07183997322
2.800766603,0.07166097555
2.81076577,0.0717165734
2.820764936,0.07160882908
2.830764103,0.07165022666
2.84076327,0.07175683745
2.850762436,0.07187234421
2.860761603,0.07189321636
2.87076077,0.07205866242
2.880759937,0.07192098732
2.890759103,0.07191737989
2.90075827,0.07183472818
2.910757437,0.07171070685
2.920756604,0.07174816858
2.93075577,0.07169494228
2.940754937,0.07170194015
2.950754104,0.0718211018
2.960753271,0.07187311096
2.970752437,0.07189596935
2.980751604,0.07201970376
2.990750771,0.07193711329
3.000749938,0.0719670154
3.010749104,0.07189031311
3.020748271,0.07177378259
3.030747438,0.07180399561
3.040746604,0.07175011665
3.050745771,0.07173920053
3.060744938,0.07184110572
3.070744105,0.07185716473
3.080743271,0.07191270258
3.090742438,0.07199508511
3.100741605,0.07195101777
3.110740772,0.07199087158
3.120739938,0.07194434846
3.130739105,0.07184373911
3.140738272,0.07189176734
3.150737439,0.07179267824
3.160736605,0.07178936248
3.170735772,0.07184202512
3.180734939,0.07185556223
3.190734105,0.07191173502
3.200733272,0.071963458
3.210732439,0.07194791989
3.220731606,0.07202076348
3.230730772,0.07198394072
3.240729939,0.07190102895
3.250729106,0.07196326524
3.260728273,0.07184710911
3.270727439,0.07187560816
3.280726606,0.07184347922
3.290725773,0.07186377612
3.30072494,0.07190135411
3.310724106,0.07194919492
3.320723273,0.0719291464
3.33072244,0.07203150961
3.340721607,0.07198532219
3.350720773,0.07196693133
3.36071994,0.07201353446
3.370719107,0.071908667
3.380718273,0.07195508984
3.39071744,0.07186754156
3.400716607,0.07190739618
3.410715774,0.0719046688
3.42071494,0.07193502003
3.430714107,0.07190069214
3.440713274,0.07203301393
3.450712441,0.07196778931
3.460711607,0.07201556609
3.470710774,0.07200991196
3.480709941,0.07197868809
3.490709108,0.07202671369
3.500708274,0.07191948806
3.510707441,0.0719562509
3.520706608,0.07193154061
3.530705775,0.07195155175
3.540704941,0.07190413224
3.550704108,0.07201256446
3.560703275,0.07193749802
3.570702441,0.07204393651
3.580701608,0.07198218082
3.590700775,0.07203213436
3.600699942,0.0720458238
3.610699108,0.07197881061
3.620698275,0.07201146521
3.630697442,0.07198548946
3.640696609,0.07198219901
3.650695775,0.07193710036
3.660694942,0.07200102363
3.670694109,0.07194766284
3.680693276,0.07204864686
3.690692442,0.07194148772
3.700691609,0.07205673762
3.710690776,0.07203741408
3.720689943,0.07203169719
3.730689109,0.07203253539
3.740688276,0.07202857678
3.750687443,0.07203012424
3.760686609,0.07200228034
3.770685776,0.07200093603
3.780684943,0.07198440838
3.79068411,0.0720472664
3.800683276,0.07194613586
3.810682443,0.07206086804
3.82068161,0.07200616085
3.830680777,0.07205796748
3.840679943,0.07203358215
3.85067911,0.07205855159
3.860678277,0.0720630607
3.870677444,0.07204907203
3.88067661,0.07202040372
3.890675777,0.07204934324
3.900674944,0.07205634546
3.91067411,0.0719860259
3.920673277,0.07205344011
3.930672444,0.07200531135
3.940671611,0.07207899688
3.950670777,0.07201637527
3.960669944,0.07205694725
3.970669111,0.07207691173
3.980668278,0.07207843212
3.990667444,0.07204362341
4.000666611,0.0720824014
4.010665778,0.07207171086
4.020664945,0.07205807236
4.030664111,0.07205982873
4.040663278,0.07203178036
4.050662445,0.07209227031
4.060661612,0.07202317742
4.070660778,0.07206604166
4.080659945,0.07207546007
4.090659112,0.07207874238
4.100658278,0.07206011122
4.110657445,0.07208922218
4.120656612,0.07209224161
4.130655779,0.07210196871
4.140654945,0.07206419961
4.150654112,0.07207774573
4.160653279,0.07211550099
4.170652446,0.07205407798
4.180651612,0.07207676966
4.190650779,0.07207787627
4.200649946,0.07209836921
4.210649113,0.07208013713
4.220648279,0.07207137034
4.230647446,0.07210381562
4.240646613,0.07212074438
4.25064578,0.07208330389
4.260644946,0.07210253496
4.270644113,0.07212119263
4.28064328,0.07209702178
4.290642446,0.07210385769
4.300641613,0.07209098683
4.31064078,0.07212217419
4.320639947,0.07209812188
4.330639113,0.0720771296
4.34063828,0.07212104519
4.350637447,0.07211808241
4.360636614,0.0721004876
4.37063578,0.07210664745
4.380634947,0.07213242409
4.390634114,0.07213040323
4.400633281,0.07211519807
4.410632447,0.07210302024
4.420631614,0.07215641352
4.430630781,0.07212532997
4.440629948,0.07210042132
4.450629114,0.07212584976
4.460628281,0.07212968877
4.470627448,0.07213523377
4.480626614,0.07210327117
4.490625781,0.07213485133
4.500624948,0.07214510642
4.510624115,0.0721321949
4.520623281,0.07211577789
4.530622448,0.07216614093
4.540621615,0.07214105509
4.550620782,0.07213811037
4.560619948,0.07213419331
4.570619115,0.07215378114
4.580618282,0.07215794002
4.590617449,0.07211417692
4.600616615,0.07215454493
4.610615782,0.07215924607
4.620614949,0.07214747383
4.630614115,0.07212128833
4.640613282,0.07216935181
4.650612449,0.07216287262
4.660611616,0.07216308816
4.670610782,0.07212768571
4.680609949,0.07217799914
4.690609116,0.07217880593
4.700608283,0.07214252324
4.710607449,0.072161298
4.720606616,0.07217058451
4.730605783,0.07217951576
4.74060495,0.0721414024
4.750604116,0.07216796439
4.760603283,0.0721770465
4.77060245,0.07218322111
4.780601617,0.07214012202
4.790600783,0.07219268536
4.80059995,0.07218165006
4.810599117,0.07217192064
4.820598283,0.0721677877
4.83059745,0.07219019025
4.840596617,0.07220211143
4.850595784,0.0721578376
4.86059495,0.07217543173
4.870594117,0.07220009498
4.880593284,0.07220099501
4.890592451,0.07215545002
4.900591617,0.07219503952
4.910590784,0.07219743616
4.920589951,0.07220402838
4.930589118,0.07216552352
4.940588284,0.07220042692
4.950587451,0.07222126053
4.960586618,0.0721883813
4.970585785,0.07218434407
4.980584951,0.07220766769
4.990584118,0.07221940601
5.000583285,0.07218817473
5.010582451,0.0721987459
5.020581618,0.07221095154
5.030580785,0.07222240328
5.040579952,0.07217865969
5.050579118,0.07221469576
5.060578285,0.07222959169
5.070577452,0.07221066649
5.080576619,0.07219469527
5.090575785,0.07221933139
5.100574952,0.07224028408
5.110574119,0.07221081704
5.120573286,0.07220132485
5.130572452,0.07223313086
5.140571619,0.07224490032
5.150570786,0.07219995598
5.160569953,0.07221643061
5.170569119,0.07223987997
5.180568286,0.07224304299
5.190567453,0.07220920275
5.200566619,0.07221940424
5.210565786,0.07225319319
5.220564953,0.07223676688
5.23056412,0.07221624346
5.240563286,0.07224136449
5.250562453,0.07225638383
5.26056162,0.07223032953
5.270560787,0.07222699362
5.280559953,0.0722513032
5.29055912,0.07226331483
5.300558287,0.07222762002
5.310557454,0.07223261247
5.32055662,0.07226863115
5.330555787,0.07225509983
5.340554954,0.07223025741
5.35055412,0.07224821693
5.360553287,0.07227673783
5.370552454,0.07225706649
5.380551621,0.07223054299
5.390550787,0.07225933663
5.400549954,0.07228668495
5.410549121,0.07225380935
5.420548288,0.07224087687
5.430547454,0.07227340659
5.440546621,0.07228074275
5.450545788,0.07225638937
5.460544955,0.07225187357
5.470544121,0.07228720039
5.480543288,0.07228214675
5.490542455,0.07225138481
5.500541622,0.07226836675
5.510540788,0.07229663426
5.520539955,0.07227740118
5.530539122,0.07225926328
5.540538288,0.07228289089
5.550537455,0.07230111573
5.560536622,0.07227388564
5.570535789,0.07226170198
5.580534955,0.07230225771
5.590534122,0.07230594609
5.600533289,0.07226874339
5.610532456,0.07227362073
5.620531622,0.07231032894
5.630530789,0.07230772443
5.640529956,0.07227417174
5.650529123,0.07228546345
5.660528289,0.07232202809
5.670527456,0.07230194477
5.680526623,0.07227763563
5.69052579,0.07230360395
5.700524956,0.07232706026
5.710524123,0.0722980204
5.72052329,0.07228764425
5.730522456,0.07231348874
5.740521623,0.07232996843
5.75052079,0.07229482677
5.760519957,0.07229988166
5.770519123,0.07233346552
5.78051829,0.07232253966
5.790517457,0.07229616497
5.800516624,0.07231198604
5.81051579,0.0723484217
5.820514957,0.07232074575
5.830514124,0.07230169234
5.840513291,0.07232134125
5.850512457,0.072358724
5.860511624,0.07231420759
5.870510791,0.07231197054
5.880509958,0.07233939383
5.890509124,0.0723557117
5.900508291,0.07231742714
5.910507458,0.07231591387
5.920506624,0.07235810788
5.930505791,0.07235092323
5.940504958,0.07232525713
5.950504125,0.07232488343
5.960503291,0.07237393166
5.970502458,0.07233786771
5.980501625,0.07233709692
5.990500792,0.07234162577
6.000499958,0.0723814107
6.010499125,0.07233597484
6.020498292,0.0723363193
6.030497459,0.07236600782
6.040496625,0.07237795042
6.050495792,0.07234278426
6.060494959,0.07233857395
6.070494125,0.07239025353
6.080493292,0.0723643307
6.090492459,0.07235440679
6.100491626,0.07234344462
6.110490792,0.07241027684
6.120489959,0.07235942585
6.130489126,0.07235637562
6.140488293,0.07236190789
6.150487459,0.07241006215
6.160486626,0.07236666518
6.170485793,0.07235792142
6.18048496,0.07239035069
6.190484126,0.07239593837
6.200483293,0.07237899754
6.21048246,0.07235598839
6.220481627,0.07242269124
6.230480793,0.0723831294
6.24047996,0.07238592651
6.250479127,0.07236635047
6.260478293,0.0724341806
6.27047746,0.07238296894
6.280476627,0.07238509649
6.290475794,0.07239360731
6.30047496,0.07242988746
6.310474127,0.07239280756
6.320473294,0.07237432762
6.330472461,0.07243076781
6.340471627,0.07241779164
6.350470794,0.07240844996
6.360469961,0.07237233854
6.370469128,0.07245291501
6.380468294,0.07241174472
6.390467461,0.07241420278
6.400466628,0.07239136267
6.410465795,0.07245887445
6.420464961,0.07241598447
6.430464128,0.07240498594
6.440463295,0.07242614007
6.450462461,0.07244873116
6.460461628,0.07243190514
6.470460795,0.07239655278
6.480459962,0.0724590247
6.490459128,0.07243728951
6.500458295,0.07243956664
6.510457462,0.0724049677
6.520456629,0.07248126493
6.530455795,0.072437392
6.540454962,0.07243311908
6.550454129,0.07242890775
6.560453296,0.07248298235
6.570452462,0.07245269903
6.580451629,0.07242237271
6.590450796,0.07246141389
6.600449963,0.07247416809
6.610449129,0.07246349427
6.620448296,0.07242159301
6.630447463,0.0724895581
6.640446629,0.07247135506
6.650445796,0.07246415474
6.660444963,0.07243547162
6.67044413,0.07250014797
6.680443296,0.07247978679
6.690442463,0.07245754807
6.70044163,0.07246582836
6.710440797,0.07249979438
6.720439963,0.07248649352
6.73043913,0.07245256532
6.740438297,0.07249717016
6.750437464,0.07250286414
6.76043663,0.07248798231
6.770435797,0.07245753018
6.780434964,0.07251488964
6.79043413,0.07251106191
6.800433297,0.07248276497
6.810432464,0.07247890503
6.820431631,0.07252358016
6.830430797,0.07251784319
6.840429964,0.07247730766
6.850429131,0.07250242341
6.860428298,0.07253368039
6.870427464,0.07252031621
6.880426631,0.07248293532
6.890425798,0.07251860175
6.900424965,0.07254465547
6.910424131,0.07251406083
6.920423298,0.07250365521
6.930422465,0.07253200911
6.940421632,0.0725530627
6.950420798,0.07250584125
6.960419965,0.07252319501
6.970419132,0.07254962218
6.980418298,0.07255386678
6.990417465,0.07251054044
7.000416632,0.07253496888
7.010415799,0.07257091561
7.020414965,0.0725417765
7.030414132,0.07252994845
7.040413299,0.07254444168
7.050412466,0.07259275694
7.060411632,0.07252874422
7.070410799,0.07254796345
7.080409966,0.07255936229
7.090409133,0.07260131481
7.100408299,0.07253324195
7.110407466,0.07255704724
7.120406633,0.07258519382
7.1304058,0.07258680114
7.140404966,0.07255597996
7.150404133,0.07255897947
7.1604033,0.07261963701
7.170402466,0.07256380179
7.180401633,0.07258112621
7.1904008,0.0725646234
7.200399967,0.07264130232
7.210399133,0.07255652065
7.2203983,0.07259608245
7.230397467,0.07259021103
7.240396634,0.07263398455
7.2503958,0.07257281787
7.260394967,0.07259297349
7.270394134,0.07263663545
7.280393301,0.07260853104
7.290392467,0.07260385113
7.300391634,0.07258337786
7.310390801,0.07267726954
7.320389968,0.07258853899
7.330389134,0.07263037531
7.340388301,0.07259428001
7.350387468,0.07268783236
7.360386634,0.07259276095
7.370385801,0.07263244104
7.380384968,0.07263636033
7.390384135,0.07266792417
7.400383301,0.07262475785
7.410382468,0.07261667672
7.420381635,0.07268907204
7.430380802,0.07263566715
7.440379968,0.07266359658
7.450379135,0.07261341866
7.460378302,0.07272454974
7.470377469,0.07261997087
7.480376635,0.07267788463
7.490375802,0.0726414875
7.500374969,0.07272542256
7.510374135,0.07263973034
7.520373302,0.07266466498
7.530372469,0.07269436226
7.540371636,0.07269624583
7.550370802,0.07268073288
7.560369969,0.07264831365
7.570369136,0.07274793922
7.580368303,0.07266869411
7.590367469,0.07271012964
7.600366636,0.07265451064
7.610365803,0.0727726693
7.62036497,0.07267195413
7.630364136,0.07271344414
7.640363303,0.07269416713
7.65036247,0.07275768716
7.660361637,0.07270301644
7.670360803,0.07269971344
7.68035997,0.07275341818
7.690359137,0.07272854259
7.700358303,0.07273693895
7.71035747,0.07269196505
7.720356637,0.07279820393
7.730355804,0.07271636991
7.74035497,0.07275393455
7.750354137,0.07271423573
7.760353304,0.07280772171
7.770352471,0.07273096472
7.780351637,0.07274856065
7.790350804,0.07276409449
7.800349971,0.07279435932
7.810349138,0.07276084522
7.820348304,0.07273758865
7.830347471,0.07281320188
7.840346638,0.07278091891
7.850345805,0.07278616161
7.860344971,0.0727481467
7.870344138,0.07283877583
7.880343305,0.07278289134
7.890342471,0.07279186728
7.900341638,0.07278482372
7.910340805,0.07284321309
7.920339972,0.0728011776
7.930339138,0.0727883109
7.940338305,0.07282890684
7.950337472,0.07283902502
7.960336639,0.07282031646
7.970335805,0.07279856286
7.980334972,0.07286220935
7.990334139,0.07284265758
8.000333306,0.07282585141
8.010332472,0.07282708962
8.020331639,0.07288016458
8.030330806,0.0728578694
8.040329973,0.07282647669
8.050329139,0.07286211181
8.060328306,0.07288904161
8.070327473,0.0728706442
8.080326639,0.07284106238
8.090325806,0.07289034004
8.100324973,0.07290397653
8.11032414,0.07286968569
8.120323306,0.07287235998
8.130322473,0.07290654777
8.14032164,0.0729266497
8.150320807,0.07286679
8.160319973,0.07291053386
8.17031914,0.07291905116
8.180318307,0.07293923946
8.190317474,0.0728798661
8.20031664,0.07293899728
8.210315807,0.07294589579
8.220314974,0.07293113073
8.23031414,0.07291489874
8.240313307,0.07294884402
8.250312474,0.0729856305
8.260311641,0.07291478828
8.270310807,0.07296283178
8.280309974,0.07295334309
8.290309141,0.07301512125
8.300308308,0.07291343716
8.310307474,0.07299988456
8.320306641,0.07297851762
8.330305808,0.07301629893
8.340304975,0.07294423835
8.350304141,0.07300816004
8.360303308,0.07302779946
8.370302475,0.07299318716
8.380301642,0.07300406724
8.390300808,0.07300130464
8.400299975,0.07307856596
8.410299142,0.07296998567
8.420298308,0.07306119378
8.430297475,0.07301150499
8.440296642,0.07310308114
8.450295809,0.07298005159
8.460294975,0.07308526439
8.470294142,0.07305533665
8.480293309,0.07308870958
8.490292476,0.07303424429
8.500291642,0.07307880876
8.510290809,0.07312152461
8.520289976,0.07305278827
8.530289143,0.07310503297
8.540288309,0.07307185012
8.550287476,0.07317740185
8.560286643,0.07303767661
8.57028581,0.07315361937
8.580284976,0.0730936307
8.590284143,0.07319089062
8.60028331,0.07307051108
8.610282476,0.07316530461
8.620281643,0.07315354841
8.63028081,0.07316329166
8.640279977,0.0731389461
8.650279143,0.07315552658
8.66027831,0.07322595162
8.670277477,0.07313265223
8.680276644,0.07320809341
8.69027581,0.07315860795
8.700274977,0.07327038412
8.710274144,0.07313601594
8.720273311,0.07324775786
8.730272477,0.0732004981
8.740271644,0.07327065287
8.750270811,0.07318184303
8.760269977,0.0732537499
8.770269144,0.07327060322
8.780268311,0.07324836431
8.790267478,0.07325033217
8.800266644,0.07325295465
8.810265811,0.07333277666
8.820264978,0.07323711103
8.830264145,0.07330830164
8.840263311,0.07327794362
8.850262478,0.07336288289
8.860261645,0.07325992806
8.870260812,0.07333789892
8.880259978,0.07333159784
8.890259145,0.07336374819
8.900258312,0.07331281633
8.910257479,0.07335354356
8.920256645,0.07339198316
8.930255812,0.07335831822
8.940254979,0.07336952175
8.950254145,0.07338078583
8.960253312,0.07343645906
8.970252479,0.07337198627
8.980251646,0.07341046068
8.990250812,0.07342704312
9.000249979,0.07333560405
9.010249146,0.06688118507
9.020248313,0.05291534449
9.030247479,0.03201333576
9.040246646,0.01091363541
9.050245813,-5.154537986e-05
9.06024498,-0.001560595181
9.070244146,0.00593991728
9.080243313,0.01148624594
9.09024248,0.01158162495
9.100241647,0.005456874716
9.110240813,-0.0009831426256
9.12023998,-0.006468639593
9.130239147,-0.005331970333
9.140238313,-0.0002913780413
9.15023748,0.005387618201
9.160236647,0.005796161486
9.170235814,0.002559381198
9.18023498,-0.001020183042
9.190234147,-0.002958913054
9.200233314,-0.002179865643
9.210232481,-0.0002531741227
9.220231647,0.001440767395
9.230230814,0.001341152765
9.240229981,0.0005290164259
9.250229148,-0.0002351170979
9.260228314,-0.0004777713662
9.270227481,-0.0002829861286
9.280226648,-1.732345953e-05
9.290225815,0.0001208408104
9.300224981,0.0001097094498
9.310224148,3.858981639e-05
9.320223315,-1.540307848e-05
9.330222481,-2.945247455e-05
9.340221648,-1.555452657e-05
9.350220815,-5.922724885e-07
9.360219982,8.300286699e-06
9.370219148,5.478792576e-06
9.380218315,2.477487116e-06
9.390217482,-1.823456914e-06
9.400216649,-1.005422467e-06
9.410215815,-7.670047403e-07
9.420214982,5.348888115e-07
9.430214149,4.221603173e-07
9.440213316,-2.447074771e-07
9.450212482,1.972466129e-07
9.460211649,-4.988392996e-07
9.470210816,1.036389295e-06
9.480209982,-4.928597991e-07
9.490209149,5.798932319e-07
9.500208316,-1.116544996e-06
9.510207483,4.871655841e-07
9.520206649,-2.993309608e-07
9.530205816,7.648694249e-07
9.540204983,-6.696516327e-08
9.55020415,-2.411362373e-07
9.560203316,-2.717019882e-07
9.570202483,-5.405888081e-07
9.58020165,7.958745358e-07
9.590200817,-2.286426057e-07
9.600199983,7.900344617e-07
9.61019915,-1.092805565e-06
9.620198317,3.994317147e-07
9.630197484,-6.292798453e-07
9.64019665,9.784955708e-07
9.650195817,-3.558225078e-08
9.660194984,2.71737209e-07
9.67019415,-4.806016e-07
9.680193317,-5.411100288e-07
9.690192484,3.100829912e-07
9.700191651,-6.987425452e-08
9.710190817,9.623602937e-07
9.720189984,-7.94029399e-07
9.730189151,3.380868428e-07
9.740188318,-1.019322215e-06
9.750187484,8.124725061e-07
9.760186651,-2.537776662e-07
9.770185818,6.974998078e-07
9.780184985,-4.929585429e-07
9.790184151,-2.909891985e-07
9.800183318,-1.323622598e-07
9.810182485,1.245658322e-08
9.820181652,9.20050662e-07
9.830180818,-3.807785385e-07
9.840179985,4.045238433e-07
9.850179152,-1.133532054e-06
9.860178318,6.490542631e-07
9.870177485,-4.373276591e-07
9.880176652,1.022690183e-06
9.890175819,-4.50783942e-07
9.900174985,-7.340331886e-09
9.910174152,-6.44985442e-07
9.920173319,-9.277142413e-08
9.930172486,5.909312642e-07
9.940171652,2.399533572e-08
9.950170819,5.443732885e-07
9.960169986,-1.003028946e-06
9.970169153,3.94697496e-07
9.980168319,-7.203174158e-07
9.990167486,1.092133995e-06
10.00016665,-3.586196968e-07
10.01016582,4.964301442e-07
10.02016499,-7.877904004e-07
10.03016415,-2.44712027e-08
10.04016332,1.634555695e-07
10.05016249,2.995807327e-07
10.06016165,5.529296089e-07
10.07016082,-7.360007795e-07
10.08015999,1.434028333e-07
10.09015915,-9.556175467e-07
10.10015832,9.455163122e-07
10.11015749,-3.401844e-07
10.12015665,8.888307894e-07
10.13015582,-8.42688299e-07
10.14015499,1.339793867e-08
10.15015415,-4.057597915e-07
10.16015332,4.331544937e-07
10.17015249,5.4317368e-07
10.18015165,-1.785873539e-07
10.19015082,1.40294508e-07
10.20014999,-9.557977372e-07
10.21014915,6.328576449e-07
10.22014832,-4.316779079e-07
10.23014749,1.121751372e-06
10.24014665,-7.061483468e-07
10.25014582,2.478668051e-07
10.26014499,-8.381949254e-07
10.27014415,3.983034048e-07
10.28014332,2.466760758e-07
10.29014249,2.193160434e-07
10.30014165,5.503893921e-08
10.31014082,-8.421002663e-07
10.32013999,2.57203162e-07
10.33013916,-5.139196832e-07
10.34013832,1.218039925e-06
10.35013749,-4.291911108e-07
10.36013666,5.895376939e-07
10.37013582,-1.072455645e-06
10.38013499,3.079175145e-07
10.39013416,-1.518276208e-07
10.40013332,6.188185296e-07
10.41013249,1.336696983e-07
10.42013166,-4.33635118e-07
10.43013082,-5.590173648e-08
10.44012999,-6.674474937e-07
10.45012916,9.030126415e-07
10.46012832,-3.333510915e-07
10.47012749,8.343364918e-07
10.48012666,-1.082016622e-06
10.49012582,2.768362572e-07
10.50012499,-5.85449491e-07
10.51012416,7.989451915e-07
10.52012332,9.809938626e-08
10.53012249,4.847352078e-08
10.54012166,-2.477756647e-07
10.55012082,-6.237482931e-07
10.56011999,5.619418117e-07
10.57011916,-1.621667699e-07
10.58011832,1.084323617e-06
10.59011749,-8.395273289e-07
10.60011666,2.821666486e-07
10.61011582,-1.038445808e-06
10.62011499,6.998233491e-07
10.63011416,-9.945810307e-08
10.64011332,5.390558957e-07
10.65011249,-2.980354655e-07
10.66011166,-4.583356531e-07
10.67011082,5.590706275e-08
10.68010999,-2.184905109e-07
10.69010916,1.002934659e-06
10.70010832,-5.053174435e-07
10.71010749,4.610888583e-07
10.72010666,-1.155606854e-06
10.73010582,6.334488015e-07
10.74010499,-3.015994965e-07
10.75010416,9.350782217e-07
10.76010332,-2.770131482e-07
10.77010249,-1.472483211e-07
10.78010166,-3.88142486e-07
10.79010082,-2.637323041e-07
10.80009999,7.41680683e-07
10.81009916,-1.612482658e-07
10.82009833,6.176171321e-07
10.83009749,-1.155804118e-06
10.84009666,3.56218963e-07
10.85009583,-6.996355653e-07
10.86009499,1.057204575e-06
10.87009416,-2.215627446e-07
10.88009333,3.698159212e-07
10.89009249,-5.778837025e-07
10.90009166,-2.183816809e-07
10.91009083,3.044065168e-07
10.92008999,7.780270886e-08
10.93008916,7.28384856e-07
10.94008833,-8.283912509e-07
10.95008749,2.725354837e-07
10.96008666,-9.312729095e-07
10.97008583,1.001424505e-06
10.98008499,-2.783143757e-07
10.99008416,7.425208305e-07
11.00008333,-7.416464754e-07
11.01008249,-1.868869568e-07
11.02008166,-2.650122273e-07
11.03008083,1.901509015e-07
11.04007999,7.124146521e-07
11.05007916,-3.504099909e-07
11.06007833,2.614429095e-07
11.07007749,-1.059460657e-06
11.08007666,7.297610141e-07
11.09007583,-3.847726814e-07
11.10007499,1.108872591e-06
11.11007416,-5.897453373e-07
11.12007333,1.470177132e-07
11.13007249,-6.782378891e-07
11.14007166,1.727783253e-07
11.15007083,4.113908048e-07
11.16006999,4.225481066e-08
11.17006916,2.538748448e-07
11.18006833,-9.725922909e-07
11.19006749,3.967809147e-07
11.20006666,-5.706363382e-07
11.21006583,1.187478889e-06
11.22006499,-4.898925245e-07
11.23006416,4.482219349e-07
11.24006333,-9.788033855e-07
11.25006249,1.439464951e-07
11.26006166,5.002829436e-08
11.27006083,4.952661481e-07
11.28005999,3.941317511e-07
11.29005916,-5.84572997e-07
11.30005833,1.157890702e-07
11.3100575,-7.691987179e-07
11.32005666,9.904325895e-07
11.33005583,-3.867100944e-07
11.340055,8.083115594e-07
11.35005416,-1.011406959e-06
11.36005333,1.525991861e-07
11.3700525,-4.83152577e-07
11.38005166,5.973356921e-07
11.39005083,2.810357386e-07
11.40005,-1.519599384e-07
11.41004916,-6.670166985e-08
11.42004833,-7.759185923e-07
11.4300475,7.044759129e-07
11.44004666,-2.836439487e-07
11.45004583,1.089977625e-06
11.460045,-8.448411045e-07
11.47004416,2.623997983e-07
11.48004333,-8.977692174e-07
11.4900425,6.271043539e-07
11.50004166,1.437286048e-07
11.51004083,3.986986944e-07
11.52004,-1.213586784e-07
11.53003916,-6.972397709e-07
11.54003833,1.785307642e-07
11.5500375,-4.172112275e-07
11.56003666,1.055448362e-06
11.57003583,-5.81131481e-07
11.580035,4.970100713e-07
11.59003416,-1.103225258e-06
11.60003333,5.415863612e-07
11.6100325,-1.820124689e-07
11.62003166,7.810110123e-07
11.63003083,-1.01195893e-07
11.64003,-3.383640128e-07
11.65002916,-1.60055311e-07
11.66002833,-3.998301558e-07
11.6700275,9.055477126e-07
11.68002666,-2.797922164e-07
11.69002583,7.049893802e-07
11.700025,-1.165840253e-06
11.71002416,3.390641793e-07
11.72002333,-6.221262585e-07
11.7300225,9.539340805e-07
11.74002166,-9.274959938e-08
11.75002083,1.303609913e-07
11.76002,-4.543210555e-07
11.77001917,-4.579317939e-07
11.78001833,4.567862556e-07
11.7900175,-8.770945077e-08
11.80001667,8.998232017e-07
11.81001583,-8.414020451e-07
11.820015,3.695255792e-07
11.83001417,-9.01603094e-07
11.84001333,9.478995164e-07
11.8500125,-1.857227287e-07
11.86001167,5.792647618e-07
11.87001083,-5.822417489e-07
11.88001,-3.499360972e-07
11.89000917,-3.50407908e-08
11.90000833,9.871757312e-09
11.9100075,8.618249522e-07
11.92000667,-5.101192506e-07
11.93000583,3.278977823e-07
11.940005,-1.160829459e-06
11.95000417,7.059116763e-07
11.96000333,-3.440456189e-07
11.9700025,1.016298718e-06
11.98000167,-4.717772272e-07
11.99000083,-1.424153248e-08
12,-4.701617782e-07
12.01099908,-1.537392916e-08
12.02099825,-8.673896158e-07
12.03099742,5.258557826e-07
12.04099658,-3.546800012e-07
12.05099575,1.124421176e-06
12.06099492,-7.200395214e-07
12.07099408,3.732689701e-07
12.08099325,-9.050215514e-07
12.09099242,5.773330434e-07
12.10099158,7.080662653e-08
12.11099075,4.392193646e-07
12.12098992,-7.764390397e-08
12.13098908,-6.881139513e-07
12.14098825,1.022189725e-07
12.15098742,-4.357679684e-07
12.16098658,1.091266999e-06
12.17098575,-4.748046629e-07
12.18098492,5.473095467e-07
12.19098408,-1.167413166e-06
12.20098325,4.179707476e-07
12.21098242,-3.115537751e-07
12.22098158,8.157569521e-07
12.23098075,1.626903219e-08
12.24097992,-2.186886291e-07
12.25097909,-1.974497307e-07
12.26097825,-5.02744982e-07
12.27097742,8.070427953e-07
12.28097659,-2.24799415e-07
12.29097575,8.076811001e-07
12.30097492,-1.067417302e-06
12.31097409,3.631289154e-07
12.32097325,-7.166438619e-07
12.33097242,8.861003333e-07
12.34097159,-9.929648392e-08
12.35097075,1.922962703e-07
12.36096992,-4.644804374e-07
12.37096909,-5.026002307e-07
12.38096825,3.861144438e-07
12.39096742,-3.689485335e-08
12.40096659,9.679365921e-07
12.41096575,-7.735692666e-07
12.42096492,3.434156183e-07
12.43096409,-1.038131173e-06
12.44096325,8.338539464e-07
12.45096242,-1.781265718e-07
12.46096159,7.434806205e-07
12.47096075,-4.417241451e-07
12.48095992,-3.084784179e-07
12.49095909,-1.466055286e-07
12.50095825,-7.416922044e-08
12.51095742,8.1295619e-07
12.52095659,-4.308230282e-07
12.53095575,4.015740866e-07
12.54095492,-1.16137954e-06
12.55095409,6.33308618e-07
12.56095325,-4.274177356e-07
12.57095242,1.024440799e-06
12.58095159,-4.160585524e-07
12.59095075,2.167623202e-08
12.60094992,-5.360942508e-07
12.61094909,-2.587695467e-08
12.62094825,6.159641119e-07
12.63094742,2.76728161e-08
12.64094659,5.43910468e-07
12.65094575,-1.050472657e-06
12.66094492,3.517849015e-07
12.67094409,-7.467790217e-07
12.68094325,1.094503432e-06
12.69094242,-3.393168366e-07
12.70094159,4.594647519e-07
12.71094075,-7.942139307e-07
12.72093992,-8.746061374e-08
12.73093909,8.344145599e-08
12.74093826,2.342716155e-07
12.75093742,5.646698599e-07
12.76093659,-6.776896501e-07
12.77093576,2.446378894e-07
12.78093492,-8.879780168e-07
12.79093409,1.013160534e-06
12.80093326,-2.923110277e-07
12.81093242,8.611774058e-07
12.82093159,-8.365907747e-07
12.83093076,9.907723944e-09
12.84092992,-4.057560169e-07
12.85092909,3.916992998e-07
12.86092826,5.05969706e-07
12.87092742,-2.239339246e-07
12.88092659,1.063655362e-07
12.89092576,-1.033837701e-06
12.90092492,6.123631878e-07
12.91092409,-4.117696163e-07
12.92092326,1.126358703e-06
12.93092242,-6.686720017e-07
12.94092159,2.717030767e-07
12.95092076,-8.087040937e-07
12.96091992,3.804876108e-07
12.97091909,2.468062229e-07
12.98091826,2.619204125e-07
12.99091742,1.534664135e-07
13.00091659,-7.950355078e-07
13.01091576,3.152040395e-07
13.02091492,-5.122280187e-07
13.03091409,1.147811921e-06
13.04091326,-5.175802028e-07
13.05091242,4.881803019e-07
13.06091159,-1.115027516e-06
13.07091076,2.79045342e-07
13.08090992,-1.61897653e-07
13.09090909,6.25120317e-07
13.10090826,1.798393913e-07
13.11090742,-4.431897966e-07
13.12090659,-3.672011147e-08
13.13090576,-6.605034655e-07
13.14090492,9.361102024e-07
13.15090409,-2.786276733e-07
13.16090326,8.738427608e-07
13.17090242,-1.021698734e-06
13.18090159,3.06187401e-07
13.19090076,-6.061676526e-07
13.20089993,7.472879265e-07
13.21089909,9.013977797e-08
13.22089826,2.324365403e-08
13.23089743,-2.416571162e-07
13.24089659,-6.651818475e-07
13.25089576,5.311515462e-07
13.26089493,-2.237554347e-07
13.27089409,9.920964083e-07
13.28089326,-8.735806058e-07
13.29089243,3.068380711e-07
13.30089159,-9.867497475e-07
13.31089076,7.668682073e-07
13.32088993,-1.372567898e-09
13.33088909,5.969690278e-07
13.34088826,-2.476495955e-07
13.35088743,-4.922184119e-07
13.36088659,4.944221061e-08
13.37088576,-2.342871082e-07
13.38088493,9.779973556e-07
13.39088409,-4.993652541e-07
13.40088326,4.819164347e-07
13.41088243,-1.173903256e-06
13.42088159,5.756475721e-07
13.43088076,-3.709129591e-07
13.44087993,8.612607689e-07
13.45087909,-2.840528178e-07
13.46087826,-1.691678717e-07
13.47087743,-3.446959144e-07
13.48087659,-2.291646946e-07
13.49087576,7.647195038e-07
13.50087493,-7.188626738e-05
13.51087409,-0.009120894462
13.52087326,-0.02526808339
13.53087243,-0.04762848586
13.54087159,-0.06667366955
13.55087076,-0.07506614897
13.56086993,-0.0736718987
13.57086909,-0.06794593918
13.58086826,-0.06279408331
13.59086743,-0.06066658059
13.60086659,-0.06128594358
13.61086576,-0.06257811513
13.62086493,-0.06338105264
13.63086409,-0.06353477469
13.64086326,-0.06288504644
13.65086243,-0.06226242172
13.66086159,-0.0619768107
13.67086076,-0.06196015057
13.68085993,-0.06206415597
13.6908591,-0.06240868232
13.70085826,-0.06231462434
13.71085743,-0.06224504779
13.7208566,-0.06211634019
13.73085576,-0.06191724831
13.74085493,-0.06188966796
13.7508541,-0.06205739147
13.76085326,-0.06214733253
13.77085243,-0.06226453117
13.7808516,-0.06245958738
13.79085076,-0.06226951642
13.80084993,-0.06229113485
13.8108491,-0.0621434419
13.82084826,-0.0620740055
13.83084743,-0.06201996871
13.8408466,-0.06220377585
13.85084576,-0.06213945094
13.86084493,-0.06233521571
13.8708441,-0.06237201304
13.88084326,-0.06230476061
13.89084243,-0.06233194749
13.9008416,-0.06224481786
13.91084076,-0.06218388028
13.92083993,-0.06216779106
13.9308391,-0.06227591565
13.94083826,-0.06216166601
13.95083743,-0.06239510812
13.9608366,-0.06230521634
13.97083576,-0.06237872057
13.98083493,-0.06234238212
13.9908341,-0.06235428515
14.00083326,-0.06223776842
14.01083243,-0.06232718351
14.0208316,-0.06227346087
14.03083076,-0.06226956338
14.04082993,-0.06240000934
14.0508291,-0.06231677571
14.06082826,-0.062415111
14.07082743,-0.06237724169
14.0808266,-0.06240850835
14.09082576,-0.06230834212
14.10082493,-0.06243817466
14.1108241,-0.062280147
14.12082326,-0.06239991293
14.13082243,-0.06237115562
14.1408216,-0.06238630872
14.15082076,-0.06242064193
14.16081993,-0.06244129552
14.1708191,-0.06240959641
14.18081827,-0.0624200498
14.19081743,-0.06246018451
14.2008166,-0.06235108531
14.21081577,-0.06247825032
14.22081493,-0.0623827184
14.2308141,-0.06245300485
14.24081327,-0.0624366514
14.25081243,-0.06248243277
14.2608116,-0.06242459199
14.27081077,-0.06251716233
14.28080993,-0.06244696779
14.2908091,-0.06246322985
14.30080827,-0.06249729111
14.31080743,-0.06243867164
14.3208066,-0.06249522757
14.33080577,-0.06248513471
14.34080493,-0.06249534189
14.3508041,-0.06248352255
14.36080327,-0.06254647392
14.37080243,-0.06247019616
14.3808016,-0.06254916538
14.39080077,-0.06250682747
14.40079993,-0.06250783792
14.4107991,-0.06253527456
14.42079827,-0.06252427367
14.43079743,-0.06251642554
14.4407966,-0.06255205663
14.45079577,-0.06254628559
14.46079493,-0.06253328996
14.4707941,-0.06258178802
14.48079327,-0.0625341336
14.49079243,-0.06256658931
14.5007916,-0.06257722313
14.51079077,-0.06255074324
14.52078993,-0.06257508437
14.5307891,-0.06258091491
14.54078827,-0.06256752863
14.55078743,-0.06259047553
14.5607866,-0.06260175575
14.57078577,-0.06257259758
14.58078493,-0.06261765189
14.5907841,-0.06259814496
14.60078327,-0.06259249294
14.61078243,-0.06262740545
14.6207816,-0.06259447644
14.63078077,-0.06262387697
14.64077994,-0.06261956791
14.6507791,-0.06262645297
14.66077827,-0.06260904742
14.67077744,-0.06266501364
14.6807766,-0.06260765721
14.69077577,-0.06266136987
14.70077494,-0.06263605047
14.7107741,-0.06264000519
14.72077327,-0.06266208226
14.73077244,-0.06264809284
14.7407716,-0.06265830933
14.75077077,-0.0626558998
14.76076994,-0.06268346827
14.7707691,-0.0626356546
14.78076827,-0.06271520543
14.79076744,-0.06263510844
14.8007666,-0.06271237452
14.81076577,-0.06266475157
14.82076494,-0.06269926066
14.8307641,-0.06267440367
14.84076327,-0.06270922442
14.85076244,-0.06268428956
14.8607616,-0.0627062016
14.87076077,-0.06271565975
14.88075994,-0.06267523052
14.8907591,-0.06275094758
14.90075827,-0.06267768561
14.91075744,-0.06275248394
14.9207566,-0.06268899183
14.93075577,-0.06275533079
14.94075494,-0.06269238493
14.9507541,-0.06276947422
14.96075327,-0.06269675268
14.97075244,-0.06276062608
14.9807516,-0.0627362488
14.99075077,-0.06273414764
15.00074994,-0.06276390042
15.0107491,-0.06272750617
15.02074827,-0.06277745022
15.03074744,-0.06273242113
15.0407466,-0.06279368893
15.05074577,-0.06271736387
15.06074494,-0.06281414987
15.0707441,-0.06272185944
15.08074327,-0.06281286114
15.09074244,-0.0627492366
15.1007416,-0.0627906093
15.11074077,-0.06277356722
15.12073994,-0.06278925848
15.13073911,-0.06278764107
15.14073827,-0.06278095793
15.15073744,-0.06281337367
15.16073661,-0.06276494392
15.17073577,-0.06284081213
15.18073494,-0.06275474824
15.19073411,-0.06284486476
15.20073327,-0.06277689729
15.21073244,-0.0628402961
15.22073161,-0.06278694156
15.23073077,-0.06283809474
15.24072994,-0.06279962291
15.25072911,-0.06283707717
15.26072827,-0.0628253048
15.27072744,-0.06281429386
15.28072661,-0.0628527025
15.29072577,-0.06280535194
15.30072494,-0.06286540745
15.31072411,-0.06281250236
15.32072327,-0.062866939
15.33072244,-0.0628173276
15.34072161,-0.06287735956
15.35072077,-0.06282032225
15.36071994,-0.06287503596
15.37071911,-0.06284044218
15.38071827,-0.06286509014
15.39071744,-0.06286667353
15.40071661,-0.06285072069
15.41071577,-0.06287570562
15.42071494,-0.06285836031
15.43071411,-0.06288811326
15.44071327,-0.06285586422
15.45071244,-0.06289653008
15.46071161,-0.06285436297
15.47071077,-0.0629058896
15.48070994,-0.06286726484
15.49070911,-0.06289622061
15.50070827,-0.06288581954
15.51070744,-0.06289212749
15.52070661,-0.06289559325
15.53070577,-0.06289431418
15.54070494,-0.06290192567
15.55070411,-0.06289641236
15.56070327,-0.06291726932
15.57070244,-0.06289248001
15.58070161,-0.06292140956
15.59070077,-0.06289961326
15.60069994,-0.06292302875
15.61069911,-0.06291794354
15.62069828,-0.06291703203
15.63069744,-0.06292020729
15.64069661,-0.06292372098
15.65069578,-0.0629293366
15.66069494,-0.06292650309
15.67069411,-0.06293523399
15.68069328,-0.06292543499
15.69069244,-0.06294508498
15.70069161,-0.06293219578
15.71069078,-0.06293996847
15.72068994,-0.06294681168
15.73068911,-0.06294073332
15.74068828,-0.06295536374
15.75068744,-0.06294166689
15.76068661,-0.062956622
15.77068578,-0.06294848124
15.78068494,-0.06296780501
15.79068411,-0.06295016592
15.80068328,-0.06296934059
15.81068244,-0.06295456833
15.82068161,-0.06296855401
15.83068078,-0.06297401672
15.84067994,-0.06296252356
15.85067911,-0.06298120189
15.86067828,-0.06296249395
15.87067744,-0.06299043256
15.88067661,-0.06296540733
15.89067578,-0.06299487691
15.90067494,-0.06296678636
15.91067411,-0.06300517718
15.92067328,-0.06297262765
15.93067244,-0.06299784603
15.94067161,-0.06298651284
15.95067078,-0.06299555339
15.96066994,-0.06300482158
15.97066911,-0.06298812366
15.98066828,-0.06301053044
15.99066744,-0.06298744364
16.00066661,-0.06302474362
16.01066578,-0.0629869382
16.02066494,-0.06303245216
16.03066411,-0.06298561718
16.04066328,-0.06303412585
16.05066244,-0.06299931246
16.06066161,-0.06302852177
16.07066078,-0.06301294514
16.08065994,-0.06302210023
16.09065911,-0.06302852575
16.10065828,-0.06301727714
16.11065745,-0.0630378271
16.12065661,-0.06301103852
16.13065578,-0.0630575321
16.14065495,-0.06300959174
16.15065411,-0.06306027934
16.16065328,-0.063009434
16.17065245,-0.06306266539
16.18065161,-0.06302690424
16.19065078,-0.0630569092
16.20064995,-0.06303468686
16.21064911,-0.06305081558
16.22064828,-0.06305074704
16.23064745,-0.06304487165
16.24064661,-0.06306603946
16.25064578,-0.06303603663
16.26064495,-0.06308062592
16.27064411,-0.06303393656
16.28064328,-0.06308519123
16.29064245,-0.06303827632
16.30064161,-0.06308633482
16.31064078,-0.0630507223
16.32063995,-0.06308479349
16.33063911,-0.06305663508
16.34063828,-0.06307657226
16.35063745,-0.06307567324
16.36063661,-0.06307342976
16.37063578,-0.06308958397
16.38063495,-0.06306010072
16.39063411,-0.06310030169
16.40063328,-0.06306481039
16.41063245,-0.0631066128
16.42063161,-0.06306549438
16.43063078,-0.0631078724
16.44062995,-0.06307405359
16.45062911,-0.06310744197
16.46062828,-0.06308167973
16.47062745,-0.06310211907
16.48062661,-0.0630995088
16.49062578,-0.06309656137
16.50062495,-0.06310971141
16.51062411,-0.0630893534
16.52062328,-0.06311873129
16.53062245,-0.06309435098
16.54062161,-0.06312675276
16.55062078,-0.06309326993
16.56061995,-0.06312545248
16.57061912,-0.06309901452
16.58061828,-0.0631301306
16.59061745,-0.06311019936
16.60061662,-0.06312154986
16.61061578,-0.06311976039
16.62061495,-0.06312071389
16.63061412,-0.06313020475
16.64061328,-0.06311735804
16.65061245,-0.06313637396
16.66061162,-0.06312210277
16.67061078,-0.06314348397
16.68060995,-0.06311940502
16.69060912,-0.06314377007
16.70060828,-0.06312875512
16.71060745,-0.06314816206
16.72060662,-0.06313593734
16.73060578,-0.06314089263
16.74060495,-0.06314189132
16.75060412,-0.0631439775
16.76060328,-0.06315138369
16.77060245,-0.06314457151
16.78060162,-0.06315312923
16.79060078,-0.06314461603
16.80059995,-0.06316021154
16.81059912,-0.06314925271
16.82059828,-0.06316070314
16.83059745,-0.06315439741
16.84059662,-0.06316323519
16.85059578,-0.06316178061
16.86059495,-0.06316017888
16.87059412,-0.06316453698
16.88059328,-0.06316723439
16.89059245,-0.06317297005
16.90059162,-0.06316628225
16.91059078,-0.06317046608
16.92058995,-0.06316962843
16.93058912,-0.06317902905
16.94058828,-0.06317628113
16.95058745,-0.06317612727
16.96058662,-0.06317874418
16.97058578,-0.06317820573
16.98058495,-0.06318593694
16.99058412,-0.06318111405
17.00058328,-0.06318785242
17.01058245,-0.06318479828
17.02058162,-0.06319161786
17.03058078,-0.06318827282
17.04057995,-0.06319156092
17.05057912,-0.06319280374
17.06057829,-0.06319650162
17.07057745,-0.06320092348
17.08057662,-0.06319274386
17.09057579,-0.06320107193
17.10057495,-0.06319657443
17.11057412,-0.06321116796
17.12057329,-0.06320042235
17.13057245,-0.06320733926
17.14057162,-0.06320168172
17.15057079,-0.06321259608
17.16056995,-0.063209799
17.17056912,-0.06321194215
17.18056829,-0.06321360324
17.19056745,-0.06321304071
17.20056662,-0.06322086011
17.21056579,-0.06321204917
17.22056495,-0.06322465809
17.23056412,-0.0632158
17.24056329,-0.06323083253
17.25056245,-0.06321882715
17.26056162,-0.06322844675
17.27056079,-0.06322094431
17.28055995,-0.06323319994
17.29055912,-0.06323113305
17.30055829,-0.06323215273
17.31055745,-0.06323078553
17.32055662,-0.06323013672
17.33055579,-0.06324187772
17.34055495,-0.06323407818
17.35055412,-0.06324354091
17.36055329,-0.06323304596
17.37055245,-0.06324829494
17.38055162,-0.06323877011
17.39055079,-0.06324866633
17.40054995,-0.06324175941
17.41054912,-0.06325275794
17.42054829,-0.06324905814
17.43054745,-0.06325057245
17.44054662,-0.06325052172
17.45054579,-0.06325145798
17.46054495,-0.06326070589
17.47054412,-0.06325448069
17.48054329,-0.06326095143
17.49054245,-0.06325224364
17.50054162,-0.06326428653
17.51054079,-0.06326070406
17.52053995,-0.06326891783
17.53053912,-0.06326059395
17.54053829,-0.06326736375
17.55053746,-0.06326687767
17.56053662,-0.06327156125
17.57053579,-0.0632707895
17.58053496,-0.06327059626
17.59053412,-0.06327717244
17.60053329,-0.06327496203
17.61053246,-0.06327726478
17.62053162,-0.0632740369
17.63053079,-0.06328261243
17.64052996,-0.06328239886
17.65052912,-0.06328480702
17.66052829,-0.06327923175
17.67052746,-0.06328451056
17.68052662,-0.0632868698
17.69052579,-0.06329063648
17.70052496,-0.06328982139
17.71052412,-0.06328892135
17.72052329,-0.06329107242
17.73052246,-0.06329448036
17.74052162,-0.06329615115
17.75052079,-0.06329707305
17.76051996,-0.06329721613
17.77051912,-0.06330024791
17.78051829,-0.06330182473
17.79051746,-0.06330127834
17.80051662,-0.06330202367
17.81051579,-0.06330670988
17.82051496,-0.06330943322
17.83051412,-0.0633073712
17.84051329,-0.06330634796
17.85051246,-0.06330790086
17.86051162,-0.06331641922
17.87051079,-0.06331381304
17.88050996,-0.06331527164
17.89050912,-0.06331168797
17.90050829,-0.06331917193
17.91050746,-0.06331886579
17.92050662,-0.06332261738
17.93050579,-0.06332034666
17.94050496,-0.06332398064
17.95050412,-0.06332496676
17.96050329,-0.06332551889
17.97050246,-0.06332826101
17.98050162,-0.06332671677
17.99050079,-0.06333413231
18.00049996,-0.06333050366
18.01049913,-0.06333476971
18.02049829,-0.06332875733
18.03049746,-0.06333772152
18.04049663,-0.06333783256
18.05049579,-0.06334234984
18.06049496,-0.06333628524
18.07049413,-0.06333844502
18.08049329,-0.06334373733
18.09049246,-0.06334553418
18.10049163,-0.06334767966
18.11049079,-0.06334294099
18.12048996,-0.06335082864
18.13048913,-0.06334795576
18.14048829,-0.06335386455
18.15048746,-0.06334917469
18.16048663,-0.06335667329
18.17048579,-0.06335566327
18.18048496,-0.06335741599
18.19048413,-0.06335618956
18.20048329,-0.06335673614
18.21048246,-0.06336344125
18.22048163,-0.06336221593
18.23048079,-0.06336664953
18.24047996,-0.06335927521
18.25047913,-0.06336677099
18.26047829,-0.0633662668
18.27047746,-0.06337394828
18.28047663,-0.06336947644
18.29047579,-0.06336974356
18.30047496,-0.0633735502
18.31047413,-0.06337435587
18.32047329,-0.06337967246
18.33047246,-0.06337306852
18.34047163,-0.06338330996
18.35047079,-0.06337769339
18.36046996,-0.06338599364
18.37046913,-0.0633765693
18.38046829,-0.06338688364
18.39046746,-0.06338598636
18.40046663,-0.06338975374
18.41046579,-0.06338808748
18.42046496,-0.06338419621
18.43046413,-0.06339485609
18.44046329,-0.06338952459
18.45046246,-0.06340261937
18.46046163,-0.06338757254
18.47046079,-0.06340266736
18.48045996,-0.06339047769
18.49045913,-0.06340857002
18.5004583,-0.06339663596
18.51045746,-0.06340608071
18.52045663,-0.06340218248
18.5304558,-0.06340578482
18.54045496,-0.06341021744
18.55045413,-0.06340105851
18.5604533,-0.06341708106
18.57045246,-0.06340399806
18.58045163,-0.06342490193
18.5904508,-0.06339962368
18.60044996,-0.06342435954
18.61044913,-0.06340592683
18.6204483,-0.06343145447
18.63044746,-0.06341253167
18.64044663,-0.06342385725
18.6504458,-0.06341892681
18.66044496,-0.06342344907
18.67044413,-0.06343220102
18.6804433,-0.06341945203
18.69044246,-0.06343874185
18.70044163,-0.06341603192
18.7104408,-0.06344715644
18.72043996,-0.06341611722
18.73043913,-0.06344970052
18.7404383,-0.0634204352
18.75043746,-0.06345183161
18.76043663,-0.06342839687
18.7704358,-0.06344415995
18.78043496,-0.06343622978
18.79043413,-0.06344292975
18.8004333,-0.06345291477
18.81043246,-0.06343560359
18.82043163,-0.06345749451
18.8304308,-0.06343062483
18.84042996,-0.06347113768
18.85042913,-0.06343398563
18.8604283,-0.06347240866
18.87042746,-0.06343504873
18.88042663,-0.06347218543
18.8904258,-0.06344564889
18.90042496,-0.06346769794
18.91042413,-0.06345596884
18.9204233,-0.06346188586
18.93042246,-0.06347015137
18.94042163,-0.06345365378
18.9504208,-0.0634789321
18.96041996,-0.06344906433
18.97041913,-0.06349170036
18.9804183,-0.0634518077
18.99041747,-0.06349237978
19.00041663,-0.06345095278
19.0104158,-0.063492673
19.02041497,-0.06346593848
19.03041413,-0.06349047462
19.0404133,-0.06347380578
19.05041247,-0.06347974349
19.06041163,-0.06348918508
19.0704108,-0.06347627248
19.08040997,-0.06350043084
19.09040913,-0.06347016841
19.1004083,-0.06350947928
19.11040747,-0.06347093715
19.12040663,-0.06351166384
19.1304058,-0.06347310423
19.14040497,-0.06351275831
19.15040413,-0.06348584201
19.1604033,-0.06350874012
19.17040247,-0.06349350139
19.18040163,-0.06349952991
19.1904008,-0.06350894787
19.20039997,-0.06349964169
19.21039913,-0.06352008372
19.2203983,-0.06349152693
19.23039747,-0.06352486761
19.24039663,-0.06349545429
19.2503958,-0.06353234515
19.26039497,-0.06349921902
19.27039413,-0.06352853876
19.2803933,-0.06350836638
19.29039247,-0.0635266646
19.30039163,-0.06351755914
19.3103908,-0.0635207286
19.32038997,-0.06352999362
19.33038913,-0.06352075712
19.3403883,-0.06353714537
19.35038747,-0.06351525589
19.36038663,-0.0635423134
19.3703858,-0.06352307233
19.38038497,-0.06354812182
19.39038413,-0.06352715674
19.4003833,-0.06354240427
19.41038247,-0.06353502491
19.42038163,-0.0635444562
19.4303808,-0.06354677889
19.44037997,-0.06354076705
19.45037914,-0.06355105539
19.4603783,-0.0635408323
19.47037747,-0.06355881686
19.48037664,-0.06354346773
19.4903758,-0.06355951752
19.50037497,-0.06355080573
19.51037414,-0.06356134279
19.5203733,-0.06355732362
19.53037247,-0.06355569442
19.54037164,-0.06356664216
19.5503708,-0.06356060469
19.56036997,-0.06357605747
19.57036914,-0.06355660772
19.5803683,-0.06357681475
19.59036747,-0.06356304216
19.60036664,-0.06358328578
19.6103658,-0.06357144126
19.62036497,-0.06357781419
19.63036414,-0.06357923818
19.6403633,-0.0635753843
19.65036247,-0.06359183486
19.66036164,-0.06357236513
19.6703608,-0.06360012609
19.68035997,-0.0635719072
19.69035914,-0.06360741736
19.7003583,-0.06357395881
19.71035747,-0.0636072572
19.72035664,-0.06358369086
19.7303558,-0.063608799
19.74035497,-0.06359688634
19.75035414,-0.06359741693
19.7603533,-0.06360828519
19.77035247,-0.06359482377
19.78035164,-0.06362792747
19.7903508,-0.06358826823
19.80034997,-0.06363380762
19.81034914,-0.06358591374
19.8203483,-0.06364325614
19.83034747,-0.06359294079
19.84034664,-0.06364095598
19.8503458,-0.06360358868
19.86034497,-0.06363512901
19.87034414,-0.06362029572
19.8803433,-0.06362376189
19.89034247,-0.06363885209
19.90034164,-0.06361566545
19.9103408,-0.0636592474
19.92033997,-0.06360645245
19.93033914,-0.06366900005
19.94033831,-0.06360410639
19.95033747,-0.06367970731
19.96033664,-0.06361431535
19.97033581,-0.06367518279
19.98033497,-0.06362279768
19.99033414,-0.06366632014
20.00033331,-0.06364739374
20.01033247,-0.06365555426
20.02033164,-0.0636667416
20.03033081,-0.06363963162
20.04032997,-0.06368929333
20.05032914,-0.06363081182
20.06032831,-0.06370324017
20.07032747,-0.06362806342
20.08032664,-0.06371318119
20.09032581,-0.06363589642
20.10032497,-0.06370866652
20.11032414,-0.06364783696
20.12032331,-0.06370161058
20.13032247,-0.06367408675
20.14032164,-0.06368833333
20.15032081,-0.06369448115
20.16031997,-0.06367003711
20.17031914,-0.06371885587
20.18031831,-0.06366392394
20.19031747,-0.06373627241
20.20031664,-0.06365714703
20.21031581,-0.06374229973
20.22031497,-0.06366460929
20.23031414,-0.06374390109
20.24031331,-0.06367865854
20.25031247,-0.06373451099
20.26031164,-0.06370181274
20.27031081,-0.06372226468
20.28030997,-0.06372330281
20.29030914,-0.06370680117
20.30030831,-0.0637486696
20.31030747,-0.06370185329
20.32030664,-0.06376446491
20.33030581,-0.06369389416
20.34030497,-0.06377208658
20.35030414,-0.06370382452
20.36030331,-0.06377629059
20.37030247,-0.06371599208
20.38030164,-0.06376571763
20.39030081,-0.06373482279
20.40029997,-0.06375814078
20.41029914,-0.06375786356
20.42029831,-0.06374753321
20.43029748,-0.06377675481
20.44029664,-0.06374188316
20.45029581,-0.0637922708
20.46029498,-0.06374016043
20.47029414,-0.06380009579
20.48029331,-0.06375019447
20.49029248,-0.06380412628
20.50029164,-0.06376115136
20.51029081,-0.06379608704
20.52028998,-0.06377802441
20.53028914,-0.06379583811
20.54028831,-0.06379801147
20.55028748,-0.06378768032
20.56028664,-0.06380910741
20.57028581,-0.06378778683
20.58028498,-0.0638235119
20.59028414,-0.06379303953
20.60028331,-0.06382672335
20.61028248,-0.06380201984
20.62028164,-0.06382903229
20.63028081,-0.06381559033
20.64027998,-0.06382730198
20.65027914,-0.06383045704
20.66027831,-0.06382952093
20.67027748,-0.0638441804
20.68027664,-0.06382857131
20.69027581,-0.06385080033
20.70027498,-0.06383748316
20.71027414,-0.06385994534
20.72027331,-0.0638492871
20.73027248,-0.06385622574
20.74027164,-0.06386058155
20.75027081,-0.06385822553
20.76026998,-0.06387931341
20.77026914,-0.0638582131
20.78026831,-0.06388945329
20.79026748,-0.06386106661
20.80026664,-0.06389998732
20.81026581,-0.06387096702
20.82026498,-0.06390220568
20.83026414,-0.06388664888
20.84026331,-0.0639023174
20.85026248,-0.06390579081
20.86026164,-0.06389499452
20.87026081,-0.06392537707
20.88025998,-0.06389432771
20.89025915,-0.06394752497
20.90025831,-0.06389203755
20.91025748,-0.06395636434
20.92025665,-0.06389758989
20.93025581,-0.06396651636
20.94025498,-0.06391548264
20.95025415,-0.0639627133
20.96025331,-0.06393468425
20.97025248,-0.06395540903
20.98025165,-0.06396387731
20.99025081,-0.06394608731
21.00024998,-0.06385923759
21.01024915,-0.05657756792
21.02024831,-0.04184000745
21.03024748,-0.0209109985
21.04024665,-0.002975256325
21.05024581,0.001433006284
21.06024498,-0.002817587
21.07024415,-0.01127666752
21.08024331,-0.01421243357
21.09024248,-0.009266588987
21.10024165,-0.0007758877567
21.11024081,0.007753964581
21.12023998,0.005200508101
21.13023915,2.645107269e-05
21.14023831,-0.006004555438
21.15023748,-0.005076770493
21.16023665,-0.001513677921
21.17023581,0.001597670795
21.18023498,0.001705088461
21.19023415,0.0005361418272
21.20023331,-0.0004882717515
21.21023248,-0.0005610464411
21.22023165,-0.0001777658541
21.23023081,2.055033265e-05
21.24022998,7.211489582e-06
21.25022915,-2.976514894e-05
21.26022831,-3.125802926e-05
21.27022748,-1.539054532e-05
21.28022665,-7.210634954e-06
21.29022581,-4.420412653e-06
21.30022498,-5.501632327e-06
21.31022415,-3.812406649e-06
21.32022331,-6.134085763e-07
21.33022248,-1.275909946e-06
21.34022165,-8.302017905e-07
21.35022081,-1.682073088e-06
21.36021998,3.677317241e-07
21.37021915,-1.965116068e-06
21.38021832,1.656352094e-07
21.39021748,-2.492347793e-07
21.40021665,6.634473827e-07
21.41021582,-8.73078618e-07
21.42021498,7.98765757e-08
21.43021415,2.05327362e-07
21.44021332,-5.713788238e-07
21.45021248,1.494083179e-07
21.46021165,-6.513276177e-07
21.47021082,6.147588269e-07
21.48020998,-1.300855552e-06
21.49020915,8.115579582e-07
21.50020832,-2.953344404e-07
21.51020748,1.112621318e-06
21.52020665,-6.12193757e-07
21.53020582,4.611623642e-07
21.54020498,-5.090337007e-08
21.55020415,3.270963665e-08
21.56020332,2.121303315e-07
21.57020248,-2.223659583e-07
21.58020165,6.727764077e-07
21.59020082,-1.11191094e-06
21.60019998,4.997214102e-07
21.61019915,-7.915144882e-07
21.62019832,9.645449609e-07
21.63019748,-8.886465879e-07
21.64019665,3.78785954e-07
21.65019582,-6.292381947e-07
21.66019498,2.304056424e-07
21.67019415,-1.306712538e-07
21.68019332,4.387380317e-08
21.69019248,7.75518709e-07
21.70019165,-5.137967907e-07
21.71019082,5.294797533e-07
21.72018998,-6.476078406e-07
21.73018915,1.207516255e-06
21.74018832,-6.964356248e-07
21.75018748,7.258736642e-07
21.76018665,-7.910671373e-07
21.77018582,4.093605948e-07
21.78018498,-5.626844983e-07
21.79018415,3.099858783e-08
21.80018332,2.333414027e-07
21.81018248,-3.654964688e-07
21.82018165,8.96571327e-08
21.83018082,-9.523955773e-07
21.84017998,9.17093893e-07
21.85017915,-6.216478768e-07
21.86017832,9.109702418e-07
21.87017749,-7.16338249e-07
21.88017665,8.621280865e-07
21.89017582,-6.142463932e-07
21.90017499,4.537489209e-07
21.91017415,1.581999344e-07
21.92017332,2.604631365e-07
21.93017249,1.577093303e-07
21.94017165,-7.650372239e-07
21.95017082,5.413792635e-07
21.96016999,-6.366481899e-07
21.97016915,7.112309882e-07
21.98016832,-1.045063379e-06
21.99016749,7.753942035e-07
22.00016665,-1.021144953e-06
22.01016582,3.229332311e-07
22.02016499,-3.331328766e-07
22.03016415,5.846179839e-07
22.04016332,5.177530179e-08
22.05016249,-3.529187661e-07
22.06016165,3.93003827e-07
22.07016082,-3.02478233e-07
22.08015999,9.321033649e-07
22.09015915,-6.641982455e-07
22.10015832,1.066348166e-06
22.11015749,-8.603851488e-07
22.12015665,4.884252864e-07
22.13015582,-8.087688464e-07
22.14015499,6.905434767e-07
22.15015415,-2.624360464e-07
22.16015332,-2.469266436e-07
22.17015249,-1.813102918e-07
22.18015165,-4.154867334e-07
22.19015082,4.556948984e-07
22.20014999,-6.652644507e-07
22.21014915,9.433731817e-07
22.22014832,-7.704185056e-07
22.23014749,7.672049508e-07
22.24014665,-8.846507678e-07
22.25014582,1.000680485e-06
22.26014499,-7.996222891e-08
22.27014415,4.546499606e-07
22.28014332,-2.897039888e-07
22.29014249,-5.391692404e-08
22.30014165,2.404999192e-07
22.31014082,-5.45705647e-07
22.32013999,6.938018472e-07
22.33013916,-7.399591583e-07
22.34013832,5.95039943e-07
22.35013749,-1.29754199e-06
22.36013666,6.55787815e-07
22.37013582,-5.463359727e-07
22.38013499,6.827843398e-07
22.39013416,-5.591911785e-07
22.40013332,1.97004019e-07
22.41013249,9.322557722e-08
22.42013166,-1.440031895e-07
22.43013082,6.037421071e-07
22.44012999,-2.044395238e-07
22.45012916,9.122223343e-07
22.46012832,-1.057908896e-06
22.47012749,7.466470041e-07
22.48012666,-6.343429174e-07
22.49012582,8.946390377e-07
22.50012499,-7.507826159e-07
22.51012416,2.734473227e-07
22.52012332,-5.015481982e-07
22.53012249,-1.754987015e-07
22.54012166,-4.082976454e-08
22.55012082,-2.405961647e-07
22.56011999,7.462939546e-07
22.57011916,-8.968315212e-07
22.58011832,5.710113711e-07
22.59011749,-6.889305335e-07
22.60011666,1.14229075e-06
22.61011582,-5.989786702e-07
22.62011499,8.395757893e-07
22.63011416,-4.328567142e-07
22.64011332,3.287416686e-07
22.65011249,-2.011018085e-07
22.66011166,2.524631324e-08
22.67011082,5.317961545e-07
22.68010999,-6.015362532e-07
22.69010916,2.425816334e-07
22.70010832,-1.043922663e-06
22.71010749,8.434504219e-07
22.72010666,-8.63172031e-07
22.73010582,7.370819335e-07
22.74010499,-7.365931141e-07
22.75010416,5.043252803e-07
22.76010332,-5.968437569e-07
22.77010249,2.685214919e-07
22.78010166,4.345490967e-07
22.79010082,5.709625177e-08
22.80009999,4.445925522e-07
22.81009916,-7.016876878e-07
22.82009833,8.56684758e-07
22.83009749,-6.373978959e-07
22.84009666,8.807150441e-07
22.85009583,-8.154468557e-07
22.86009499,7.403823493e-07
22.87009416,-9.788530272e-07
22.88009333,1.269968056e-07
22.89009249,-1.815605459e-07
22.90009166,1.497327661e-07
22.91009083,1.979955424e-08
22.92008999,-6.612214385e-07
22.93008916,4.750006392e-07
22.94008833,-6.129328808e-07
22.95008749,9.421224577e-07
22.96008666,-6.287076285e-07
22.97008583,1.131159319e-06
22.98008499,-7.74925936e-07
22.99008416,5.135051307e-07
23.00008333,-3.839406853e-07
23.01008249,6.668438969e-07
23.02008166,2.512638303e-08
23.03008083,-3.069076892e-07
23.04007999,1.533688144e-07
23.05007916,-6.573137319e-07
23.06007833,4.832248473e-07
23.07007749,-8.379460848e-07
23.08007666,8.984145395e-07
23.09007583,-9.958210384e-07
23.10007499,5.136636363e-07
23.11007416,-8.668014561e-07
23.12007333,7.630976351e-07
23.13007249,-4.381861332e-08
23.14007166,2.180557665e-07
23.15007083,5.253402916e-08
23.16006999,-1.489785344e-07
23.17006916,5.175088312e-07
23.18006833,-5.109807889e-07
23.19006749,1.065157941e-06
23.20006666,-6.938252703e-07
23.21006583,6.579901929e-07
23.22006499,-1.163324822e-06
23.23006416,6.318289849e-07
23.24006333,-5.017234296e-07
23.25006249,3.616768604e-07
23.26006166,-4.444307981e-07
23.27006083,-1.399033706e-07
23.28005999,5.408299291e-08
23.29005916,-5.447507408e-07
23.30005833,7.311207127e-07
23.3100575,-3.994919923e-07
23.32005666,9.090382491e-07
23.33005583,-1.023407315e-06
23.340055,9.159469045e-07
23.35005416,-4.416026605e-07
23.36005333,8.643622511e-07
23.3700525,-3.882457997e-07
23.38005166,2.964403671e-07
23.39005083,-2.115295145e-07
23.40005,-3.619706902e-07
23.41004916,2.511040092e-07
23.42004833,-4.167300443e-07
23.4300475,7.191343963e-07
23.44004666,-1.181303725e-06
23.45004583,5.188099192e-07
23.460045,-8.526310008e-07
23.47004416,8.50086583e-07
23.48004333,-6.009796247e-07
23.4900425,6.905473179e-07
23.50004166,-2.855990792e-07
23.51004083,9.633244292e-08
23.52004,1.302907736e-07
23.53003916,1.730339741e-09
23.54003833,8.532377852e-07
23.5500375,-6.309145005e-07
23.56003666,5.710198897e-07
23.57003583,-9.206425978e-07
23.580035,8.859538246e-07
23.59003416,-8.425879741e-07
23.60003333,6.595645443e-07
23.6100325,-6.760941144e-07
23.62003166,1.197275734e-07
23.63003083,-5.61594881e-07
23.64003,-4.479506417e-08
23.65002916,4.896549675e-07
23.66002833,-3.355054072e-07
23.6700275,5.28152706e-07
23.68002666,-8.031726404e-07
23.69002583,9.440038433e-07
23.700025,-6.394898452e-07
23.71002416,1.032790693e-06
23.72002333,-4.989758217e-07
23.7300225,7.434858004e-07
23.74002166,-6.986652351e-07
23.75002083,1.218303247e-07
23.76002,1.443451428e-07
23.77001917,-1.124049283e-07
23.78001833,1.771034304e-07
23.7900175,-8.422814585e-07
23.80001667,4.933429059e-07
23.81001583,-9.355042575e-07
23.820015,8.184356932e-07
23.83001417,-7.288107993e-07
23.84001333,8.977828048e-07
23.8500125,-8.207261682e-07
23.86001167,3.596634548e-07
23.87001083,-9.707710902e-08
23.88001,5.008271405e-07
23.89000917,3.251370046e-07
23.90000833,-2.94401718e-07
23.9100075,5.331691512e-07
23.92000667,-7.151774846e-07
23.93000583,7.167465784e-07
23.940005,-7.366382406e-07
23.95000417,9.560945782e-07
23.96000333,-1.016851616e-06
23.9700025,3.359401738e-07
23.98000167,-7.967358888e-07
23.99000083,4.013904772e-07
24,-8.186353541e-08
