%%MatrixMarket matrix array integer general 
%============================================================
% Creator: ANSYS Inc
% 
% This is a 7738 x 1 Matrix
%============================================================
7738 1
1815
1868
1816
1874
1595
1596
1601
1629
1600
1867
1817
1839
1636
1602
1869
1597
1837
1635
1641
1844
1593
1866
1876
1631
1862
1594
1814
1598
1881
1644
1810
1599
1843
1640
1880
1632
1877
1643
1840
1637
1821
1673
1677
1873
1604
1811
1863
1608
1639
1879
1842
1642
1841
1638
1878
1633
3224
1875
1630
3232
1838
1634
3197
3192
3181
1872
1672
1820
1676
1812
1605
1864
3228
1609
3236
1675
3187
3222
3230
1871
3194
1671
1819
3185
1813
1606
3234
3226
1865
1610
1870
1674
1818
3223
3231
1670
3227
3235
3180
3157
3112
1861
1607
1084
3193
2826
3200
1809
520
3225
1823
2825
1085
1603
2326
2327
517
1693
2325
2827
3233
2329
2328
518
519
1086
3189
516
1083
2521
975
3190
3237
3229
2824
2823
118
2221
2222
346
2829
216
2117
285
2268
2721
2062
2060
2006
2832
2394
2881
2007
2718
3183
2661
2719
2722
2720
2058
2059
2513
2267
2008
2223
2372
2009
2828
2935
2831
2830
974
861
168
2057
448
393
1088
450
498
663
909
2772
2324
2713
976
67
760
910
3344
2570
1156
860
446
811
2879
1087
396
515
2415
569
3634
2613
2716
2717
2319
2266
2320
1822
972
7323
2715
973
7324
7070
2321
512
513
7068
2712
3926
971
1611
1859
2714
3919
1685
449
4680
980
4582
394
3939
1089
3795
979
217
167
1090
1957
4396
2316
2709
2820
4112
4208
4489
4027
514
4059
2322
4508
4502
2323
4029
5424
4509
2520
3882
1612
3345
3447
4495
4782
4739
4633
4534
4022
1807
2771
2612
7325
4113
7629
7351
2056
2414
3633
2371
4494
2878
4513
4395
2569
2934
4209
2116
2220
3343
2660
1956
4488
2265
2708
2512
2061
2005
2315
2819
593
1145
7350
1808
3346
1030
3448
7069
4393
4207
4487
6901
6902
6910
6905
1622
6900
6909
717
1617
6903
6906
3122
610
5658
1143
1882
1824
1860
808
3632
3342
4210
568
908
215
5425
115
7352
3872
3147
392
287
219
859
166
3120
1614
5302
7628
4499
444
5656
3186
711
1207
5301
497
7630
957
2880
2395
1078
4728
4780
4630
4823
5423
1616
4394
6737
1887
1144
5284
1845
5657
1831
1678
3347
6899
6908
6904
6907
4114
3449
4486
2519
5273
1692
3997
3850
586
3195
4506
4517
5274
3796
4634
3940
4535
5303
3914
4492
3979
1628
1626
2770
2055
2659
2933
2370
2877
3341
2413
3631
2568
4211
2219
2118
2314
1857
1615
1955
1836
2387
2264
2888
2063
2004
2511
2707
2818
2611
4392
3835
6840
6849
6842
6845
1805
1613
5275
3348
4683
4585
4779
4822
3199
4115
3450
4485
3154
3113
716
5282
6846
6848
6843
6839
5276
5283
7637
1833
1623
7638
1029
6738
6736
1884
1619
609
1142
496
3340
4391
858
214
907
3630
567
807
1206
4212
391
288
4497
1851
5277
4025
1825
443
1806
1646
956
4510
3184
114
587
4995
220
1679
165
710
1077
1858
1152
4026
6844
6841
6847
6850
1648
3933
7322
1691
6861
7639
3349
6854
6852
2769
3849
4116
2518
3451
6858
6860
3941
4484
6855
6857
3797
4536
4635
5278
4997
1624
1834
7320
4515
6117
2412
1627
4518
6851
1886
1625
3339
4390
6241
2054
6459
6349
2658
3629
2567
2369
2218
2119
4501
2313
2887
7590
2876
1885
1620
2706
7321
4213
3198
2064
2932
7117
2003
2388
2510
2263
1954
1835
2817
5320
1852
1647
6859
6862
6856
6853
4901
4018
4996
2610
7591
3350
6458
6350
3153
3114
4682
4584
3871
4117
5321
3452
4778
1802
1645
6116
6242
4483
4821
7116
4505
5126
4519
6243
6457
6585
6709
6115
6351
715
7646
1028
608
5125
213
7589
1690
495
3338
4389
1141
906
5319
3993
390
3628
806
1205
4214
566
442
289
113
1803
1662
7648
7647
7118
857
709
164
4514
1883
1618
1151
1826
2768
2517
955
1076
221
588
6710
6584
5783
4900
3798
1832
7275
3942
3351
5124
1680
3191
1664
1621
3881
5885
4118
5058
4636
4537
1850
5886
4516
3453
1853
4482
5782
5290
4493
4902
6583
6711
6114
6238
3188
6456
6346
7688
7277
2875
3336
2312
4388
2217
2053
5059
2411
2657
2886
2120
3627
2566
2931
4215
2368
2389
4504
2705
1804
5389
5077
4503
2609
2002
2816
2509
3980
5884
2065
5289
1953
5784
2262
4684
4586
1663
5060
3337
3152
3115
3352
6455
5288
6347
6113
6239
7276
4119
3454
4777
1827
4481
4820
5388
714
7689
3836
6582
6706
6112
6240
1689
6454
6348
5387
1027
1665
5635
1854
3182
389
5049
4000
4387
212
3196
1140
607
905
7690
494
954
3626
805
4216
565
290
1075
7344
7341
5070
1150
163
589
5593
1204
112
708
5636
5889
5785
441
3857
856
4496
222
5051
1681
4507
3335
6581
6707
3799
3943
5072
3353
5594
7139
2767
5888
5786
5595
4637
4538
5050
4120
3455
5078
4480
1849
2516
5637
6580
6708
7346
7342
6744
6111
6235
6453
6343
2885
7343
7345
4386
2390
1798
5071
2052
2216
2656
2311
2121
4217
3625
2565
2930
2367
4047
1649
2815
2704
6743
2261
7138
1792
5076
2608
2001
2508
1797
2410
1952
5887
5787
2066
2874
3334
7147
1650
3151
3116
3897
7137
1653
4685
4587
3354
6719
6452
6344
4031
1787
6110
6236
6788
1799
1651
5668
1652
1026
4121
3456
5497
4776
4819
4479
713
6742
4051
1688
3884
6579
6703
6109
6237
1828
6451
6345
1855
1666
3141
7146
3911
7148
3109
388
4385
211
5498
1139
493
6718
904
590
953
3624
804
4218
6787
564
6789
291
1074
3108
440
1149
1655
162
1203
111
4498
6720
606
707
5669
855
3140
5304
4511
5892
5788
3333
1796
7376
1848
1682
223
3355
6578
6704
5670
3800
3944
2766
5625
5499
5891
5789
4638
4539
4122
3457
3981
4478
2515
5235
5624
6577
6705
7374
6108
6232
6450
6340
5306
5305
4384
2873
2884
2051
3856
2215
2409
2655
3758
3332
2122
3623
3150
3117
2564
2929
4219
2366
2607
2703
4002
3356
1789
1661
5009
1687
2260
2310
2000
3155
3110
1656
1951
5890
1829
2391
5790
2067
6739
7375
5623
2814
2507
6935
1795
3837
4686
4588
1025
6449
6341
6740
6107
6233
4123
712
5237
3458
3790
4477
4775
4818
6952
5236
6741
6576
3357
6700
3107
3142
6106
6234
605
6448
6342
5008
6936
6951
3331
387
952
492
1148
1138
5198
903
3622
4383
210
803
4220
591
563
4046
7368
292
6950
1856
1667
161
5604
1202
110
1847
1683
854
5007
439
5895
5791
6758
706
1073
224
6937
2514
6575
6701
2765
4050
3801
3945
3756
4032
5603
4124
5894
5792
4639
4540
3459
2883
5197
4476
2392
4898
4500
3359
5196
5336
6574
6702
6105
6229
3156
3111
4512
6447
6337
2872
3330
7370
2408
2309
5337
3149
3118
1790
1660
2214
2654
4382
3876
3621
2123
2563
2928
4221
2050
2365
5300
7369
2702
5602
1999
2606
2259
1950
5893
5793
2068
3874
2813
2506
6757
3143
3106
1013
5338
570
4687
6759
4589
5299
6446
6338
4125
6104
6230
3778
3982
1657
1794
3460
3358
4475
4774
4817
5258
1830
1686
5464
4897
5298
6573
6697
6103
6231
6445
6339
604
3329
951
7317
4004
491
4381
386
7403
1846
1684
592
209
1137
902
1147
2889
3620
802
4222
562
293
4899
5214
438
2386
160
1201
109
6781
705
5898
5794
5463
1072
853
3360
225
1791
1659
6572
6698
3802
3946
5215
2764
4126
2384
5260
3749
583
5897
5795
1155
2882
3461
7402
4640
4541
2393
4474
5259
6729
6753
6782
3145
3104
5462
6571
6699
7319
6102
6226
7401
6444
6334
3148
3119
6783
5216
3328
4380
2308
2049
6727
2871
2653
2213
3838
3619
2124
6752
2562
2927
4223
6728
2364
7318
2701
2258
2407
4044
3144
3105
2505
1998
3861
2605
1949
5896
5796
2069
3146
3121
3361
3776
2812
4035
1024
5163
6751
4688
4590
5722
581
4127
6443
6335
6878
6101
6227
2385
4049
2890
3462
5372
4773
4816
4473
5474
3759
5723
7728
7726
6570
6694
5165
6100
6228
1800
1668
6820
6879
6442
6336
603
5334
3327
4379
490
1136
385
208
1793
1654
5476
901
1788
1658
5164
950
3618
5333
801
4224
584
1146
561
294
5475
6765
5373
6880
159
1200
704
108
6924
852
437
6819
5901
5797
3362
3886
5724
1071
582
1153
2763
226
6569
6695
6925
5246
2383
3803
3947
4128
1801
1669
3896
585
1154
6764
5900
5798
3463
3747
5245
4641
4542
5374
4472
6818
3983
3780
6568
6696
3746
6099
6223
2406
6923
6441
6331
3326
2870
4378
2307
2048
2700
3791
3781
5335
3910
2652
2212
3750
3617
2125
2561
2926
4225
7334
2363
7018
6809
6763
4005
2504
2257
1997
2604
5180
1948
3363
5899
2070
5799
1023
2811
5179
7332
5244
4689
4591
6810
7019
580
6762
4129
6440
6332
7333
3764
6098
6224
3464
6945
6944
3735
4772
4815
7020
4471
3770
6567
6691
3788
6097
6225
5736
602
4376
6439
6333
6811
7198
3325
3763
6761
6967
1135
384
949
3860
900
7199
3616
207
489
4036
800
4226
5735
560
295
7209
703
158
1199
107
851
3364
6946
436
5904
5800
6760
3839
5178
1070
4045
3792
227
2382
5734
2762
6968
6566
6692
3804
3948
4130
6821
3465
5903
5801
7211
4642
4543
6969
7043
4377
4470
7197
5701
7210
6565
4048
6693
7010
6096
6220
2405
6713
6438
6328
6823
3324
5702
5667
2869
3740
2306
2699
2651
2047
6712
2211
7011
3789
3615
2126
2560
2925
4227
2503
2362
7042
3365
7025
5666
3889
3754
1996
6732
3777
2256
2603
1947
2071
5902
5802
2810
5703
1022
6822
4690
4592
4131
3900
6800
579
6437
6329
6095
6221
6731
4375
7009
3466
5665
4469
3984
7026
4771
4814
3753
3757
7065
6564
6688
6094
6222
5238
6734
6436
6330
7024
3323
3905
488
1134
6714
383
6730
899
206
948
6934
6949
3614
6801
799
1198
4228
6733
601
559
4007
296
3366
435
5249
5173
157
6947
702
850
7066
106
5239
5907
5803
1069
6802
4074
228
2761
2381
6563
6689
5174
4132
3805
3949
5250
6735
7181
7067
4374
7379
3467
7179
6838
5906
3765
5804
4643
4544
6933
7377
4468
3736
4072
6948
6562
6690
6093
6217
2305
5240
6435
6325
3322
2868
6932
2046
2698
4073
2650
7170
6837
2210
5251
3862
3613
2127
7171
2559
2924
4229
5172
2361
3367
7180
3744
2255
5650
7378
2502
3771
1995
2602
5509
1946
2072
5905
5805
2809
3840
6836
1021
2404
578
4691
4593
5651
4133
5101
6434
6326
7355
6092
6218
4373
3468
6963
5102
7172
4770
4813
4467
5510
5652
6962
6561
5243
6685
600
5020
6091
6219
947
6869
3321
6433
6327
6871
5712
1133
205
382
487
898
4009
3612
7354
798
1197
4230
849
5710
558
5100
3368
297
5241
1068
3782
156
701
7353
434
105
5021
5910
5806
2380
6961
229
5511
6560
6686
4134
5731
3806
3950
3899
2760
4372
3985
3469
5605
7017
6870
5909
5807
4644
4545
5242
4466
7206
6559
6687
2403
6090
6214
2867
3320
6432
5606
6322
2304
3774
2697
5732
5733
2045
2649
2209
3611
2128
2501
2558
2923
4231
3369
2360
5048
7372
2254
1994
2073
1945
5279
5908
5808
2808
577
4692
4594
4135
7371
3766
5607
6431
6323
7016
4371
6089
6215
5046
7015
4028
4769
4812
4465
7373
6558
6682
599
5280
6088
6216
6324
381
204
897
5281
486
5569
3610
700
3793
557
2379
298
5047
3370
155
104
433
3787
5913
5809
6557
6683
3951
5570
5810
4546
3807
5571
4464
2402
2208
3751
3890
5019
7390
5711
3891
5653
7207
7391
5654
2601
3737
7208
1020
3864
5655
3470
6930
5368
6931
7389
5487
3319
6926
6430
1132
946
3841
3742
797
4232
7064
7263
1196
848
1067
7063
6929
2759
5485
230
4136
7264
7265
6928
4370
6927
7023
5750
3471
5912
4645
5486
5367
4014
3783
6556
6684
6087
6211
7062
3318
6429
6319
6814
3760
2866
2303
2696
5366
2044
2648
3608
6755
6813
2129
2500
5751
3371
2557
2922
4233
3761
2359
5261
3762
3894
576
1019
2253
1993
2600
2807
2074
1944
5911
5811
6754
3986
4137
4693
4595
7101
5749
6756
5555
4369
6428
6320
3609
6086
6212
7022
3472
5554
3893
7021
6812
7061
5262
4768
4811
4463
6555
6679
6085
6213
3316
5193
6427
3772
945
6321
5185
485
1131
7102
598
3895
203
896
380
5263
3373
2758
796
4234
3767
103
299
432
556
154
3743
1195
4081
847
2378
7103
1066
5916
5556
5812
699
5706
7060
231
3317
5194
5186
6554
6680
4368
3808
3952
3738
5195
3473
3607
4138
3865
4039
5763
6972
4040
7059
5915
5813
4646
4547
4462
6553
6681
6084
6208
2865
6426
6316
5762
3372
2695
2401
2302
5184
2647
2043
6958
2207
6971
2130
2556
6959
2921
7387
5705
1943
5040
4235
5232
1018
2358
2252
5233
2599
2806
3785
3315
575
1992
2499
3842
2075
7388
5914
5814
4367
5704
5989
3784
4694
6970
4596
5761
4139
5990
6425
6317
6994
3474
3606
5042
6083
6209
4461
6960
7386
3752
4767
4810
3786
3374
6552
6676
6082
6210
6995
5568
484
944
6424
6318
5176
597
202
895
1130
379
5538
4010
3314
5041
795
1194
4236
5234
300
555
2757
5566
2377
846
153
7316
6996
5991
431
102
5175
698
3898
5919
5815
1065
5537
4366
232
3987
6551
6677
3773
3809
3953
6790
4140
3748
3475
3605
5918
5816
4647
4548
4460
5567
5536
2694
6791
3375
6550
6678
6081
6205
2864
6953
2400
6955
2301
6423
6313
5177
6715
2042
2646
7578
2920
2206
7314
3313
7039
2131
3904
1017
6716
2357
7577
2251
4062
574
2555
7040
3739
1991
4237
2498
2076
1942
7315
5917
5817
3768
4365
2805
4063
4695
4597
6717
5664
6954
5323
4141
2598
7041
6422
6314
3476
3604
6792
6080
6206
5477
5663
4459
4766
4809
7579
3376
6549
1129
6673
6079
6207
943
483
596
6421
6315
5322
5324
3867
201
894
5013
378
4896
7397
6956
2756
7396
3312
4077
1193
794
301
554
2376
5662
5707
152
5015
4238
4013
101
430
697
4894
5922
1064
5818
4364
233
845
6548
6674
5478
3843
5055
4142
3810
3954
5708
3741
7411
3477
3603
3769
3988
4648
4549
5921
5819
4458
6957
7395
3377
2399
2693
6547
6675
2863
6078
6202
2300
6420
6310
5030
2041
2645
1016
2205
3311
2132
5709
2554
2919
7410
4895
2356
5014
4239
5205
2597
5219
2250
1990
2497
573
2077
3883
1941
5920
5820
4363
5056
2804
5028
4696
4598
3602
4143
7631
3478
3745
6419
6311
5218
7412
6077
6203
3775
5539
5206
4457
4765
4808
3378
5408
942
6546
5057
595
6670
6076
6204
482
1128
6418
6312
5029
200
893
377
7414
3310
7632
2755
793
1192
5540
302
553
2375
5217
5207
4240
151
7633
5409
100
429
696
7563
1063
4362
5925
5821
5038
234
3601
7413
6545
6671
7393
4905
5541
4144
3877
844
3811
3955
3755
5248
3479
3999
3779
4649
4550
5410
5924
5822
5114
3379
2398
2862
4456
6544
6672
2692
2299
6075
6199
5113
2644
2040
5325
1015
3844
3309
2204
7562
2133
5615
2553
2918
4241
5612
5039
572
1940
4021
2596
7348
2355
2249
7564
1989
2496
5149
4361
2078
5923
5823
5326
2803
3600
4697
4599
7392
4145
5054
5037
4903
5112
5616
3480
7347
6074
5152
6200
5150
7349
5247
7676
7394
5611
5151
4764
3380
4998
4904
4454
594
1127
6543
6667
6073
6201
1124
5053
4807
5000
199
892
2754
5613
35
376
2374
481
1123
3308
7677
36
99
792
1191
4299
5614
303
941
7523
5148
552
5153
150
843
428
695
4360
1909
4907
4928
1062
2858
235
3599
4146
3482
6542
6668
7678
5052
4650
4551
2298
4017
3381
7468
2691
4982
2396
3878
2860
4908
6541
6669
6196
7524
5628
4999
34
2039
2643
1014
4964
3481
4455
4927
6072
1122
3307
2203
2134
1216
1587
1779
49
571
48
3102
1215
7683
1780
1588
7467
7525
7619
4983
4242
3916
3138
4963
7698
2495
4359
7684
1988
2079
4885
1125
4147
2802
4699
4601
37
1580
1755
2861
4981
4906
1753
1773
1213
1586
1754
1579
5627
2397
3597
50
1217
6071
6197
46
4929
427
4965
3382
5626
791
7469
1126
4825
940
480
38
6537
6661
6070
6198
7582
7528
1781
1589
7432
7660
7620
3484
2753
7627
891
198
1578
7682
7431
5671
4520
375
3306
7621
1756
1581
2373
7526
551
304
842
4884
1546
1190
149
7659
2859
7625
1910
3103
694
4078
4358
5700
7430
7724
1590
1061
98
7580
1734
1786
1785
1541
1591
4148
7527
236
1735
6536
6662
1740
7623
3139
3636
1501
3641
1540
7456
7581
1901
3598
1218
1694
4979
4961
1900
4651
4552
3383
4891
65
4992
5673
4243
7658
7626
2038
2642
2690
2297
6535
6663
5698
7290
4853
7289
4852
7292
7287
4883
4452
1752
1214
47
1009
30
3483
2202
1757
3305
5068
1577
6069
6193
4925
1562
2135
1557
4960
4945
4016
4946
5067
1219
7624
4893
1987
4980
1696
1506
1775
2494
7291
7288
1758
61
3870
1704
1504
4926
4357
2080
5699
1738
1544
4149
5672
2801
4701
4603
7455
7454
44
1212
7416
4993
3637
1573
4962
3642
7622
6068
6194
4978
7415
3384
1741
1547
3094
3134
1908
479
4947
6531
6655
3093
6067
6195
2752
2936
1746
1552
5641
4924
4892
1911
5069
890
197
7570
4994
3125
5640
3304
3596
4453
3129
1189
374
5697
5674
5741
939
3089
841
550
3130
3098
305
3485
5746
7600
426
693
5639
4356
790
3917
5642
5695
5676
148
4150
1060
64
5740
5747
7417
1762
1223
5638
97
7569
237
5643
4060
6530
6656
7598
3385
1543
1703
1766
1230
33
4976
4958
7593
4652
4553
1553
1747
1503
1737
7568
2689
4922
43
1211
5742
4943
52
1012
1564
1776
5748
1559
2037
2641
4872
1576
4244
6529
6657
2296
3303
3092
7451
4874
2201
4957
6066
6190
2136
4875
7599
7539
4942
7540
3386
2493
5154
5696
5675
5146
7520
4829
4977
1986
2081
2937
4151
1742
1548
2800
5147
3124
1507
1697
1912
4923
7592
1907
4828
4873
4703
4605
4355
2751
5155
3088
3128
7594
4975
4959
6065
6191
5694
3131
3099
3095
3595
840
3486
4944
1222
7452
7521
6525
6649
6064
4921
3135
7538
889
478
63
938
5677
196
3302
1702
3238
1542
3240
373
5692
5679
1188
1502
1736
6192
425
549
4876
4871
1575
306
5156
7522
5145
4354
32
692
1231
53
3387
7453
789
1761
3239
3241
147
3123
3091
1059
4152
7618
96
1011
238
42
1210
6524
6650
3875
1748
1554
1767
1565
1560
3087
3127
4973
4955
4450
4245
4653
4554
1777
4940
2036
2640
4919
5693
7554
2688
4020
2295
6523
6651
5678
3300
1698
1508
7546
5479
7551
5496
7604
4830
6063
7541
6187
2200
2137
4831
7695
4954
3389
7617
3132
3100
2938
1906
1715
1525
4939
3594
2492
1701
1536
5691
1743
2750
1549
7460
3487
7544
1985
4870
4974
1221
1727
1500
1913
4920
3096
2799
2082
5481
4153
7543
7552
7553
4353
4705
4607
1524
62
7606
3136
1722
5480
5680
4972
6062
6188
7542
4956
1719
5494
7616
1521
1574
3301
5362
5689
5682
7545
5363
1530
5495
4941
477
937
6519
6643
7550
6061
1705
1515
1724
4918
888
5737
7555
195
3388
1518
1760
5743
7461
1710
7605
5365
5360
54
1566
1232
839
372
4827
1187
3299
7536
6189
548
1010
5690
31
307
1209
41
1726
1535
1768
1778
1561
424
4869
4352
788
3932
691
4080
146
1058
95
1749
1555
5681
1519
5745
4154
239
5744
6518
6644
5739
4451
4868
5738
4970
1712
4952
4654
4555
1523
1717
2294
5023
3390
7561
2687
4916
4937
2035
2639
5361
5688
7614
1699
4246
1744
1550
6517
6645
7557
1528
1721
1914
3101
2939
1572
7559
5364
3297
1509
2749
1905
7535
3133
1706
1513
5026
3097
3137
3593
3488
6060
2199
6184
60
2138
1220
4951
4936
7613
3638
1728
1533
4984
5024
5683
5025
7558
4351
7537
2491
4834
3643
4835
1984
4917
2083
4155
2798
4707
4609
5686
5685
4971
1759
7458
7615
7556
4969
7560
4953
6059
6185
7457
476
5022
3391
936
1527
1720
1713
1531
1725
1765
1563
51
1226
3298
5687
5684
6513
1750
1556
6637
6058
887
4915
4938
1716
1522
3879
4985
194
26
1769
1558
981
5027
4023
3640
1520
1208
371
40
1186
4448
3635
6186
547
1224
308
423
1763
1700
1510
4156
4350
690
1057
7459
7531
787
1571
838
145
1708
1514
59
7573
5018
94
240
6512
6638
1225
1534
1904
2833
7571
1745
1551
3296
3392
4967
4837
4836
4949
1227
55
4655
4556
56
1568
7654
1730
4934
2034
2638
1764
4913
1718
1526
4247
6511
6639
7530
2686
2293
2748
2441
3540
1771
1583
1782
3592
4839
4838
7652
1228
1714
1517
7471
7529
57
4877
1711
3126
6057
58
6181
1529
1539
5017
2198
2139
1229
1567
7572
4890
4914
4933
1516
3090
1723
1733
7727
4157
4349
28
2797
2490
7472
1983
1707
1532
1511
1729
1093
1505
2084
7439
7443
4709
4611
45
4826
4968
4948
5016
7725
7653
837
3295
3393
1121
1570
6056
6182
1537
7635
935
475
1695
1732
4912
1512
1709
4935
1094
29
1783
4878
1784
4966
4950
1584
1569
6507
6631
193
886
39
637
4449
1739
1545
1770
1582
1008
7636
1095
4064
3920
7634
370
3294
3394
1774
1592
6055
786
1185
6183
546
1772
27
7470
309
7442
4850
4849
7440
1092
7602
4348
1751
4248
4879
1585
144
4158
689
1056
93
1731
7444
241
1538
7441
6506
6632
5159
5160
422
5465
2292
2685
3590
7601
4656
4557
3490
5135
5138
2440
2747
2033
2637
4889
6505
6633
7603
5157
5162
3395
3293
7651
3989
5161
5133
5158
3845
4447
7588
6054
6178
5466
2140
2197
5432
7692
7691
5134
5136
7649
5550
5553
5552
5137
2552
1939
2917
4249
4347
4159
2595
2248
5075
2085
5440
2489
2796
1982
5548
4711
4613
2354
5012
7587
3925
4888
6993
6053
934
6179
474
1120
3956
3812
5467
636
1007
3591
369
7650
6501
6625
192
885
7693
3489
5011
6307
6417
4806
4763
5073
7586
5439
3292
3396
6991
4446
5433
4069
5551
6052
6180
5434
5438
662
310
4066
5549
785
4250
545
6992
4160
4346
4886
92
421
688
1055
143
3664
1184
242
6500
6626
836
5010
3710
2684
4887
2291
6308
6416
4657
4558
4030
2746
2439
3922
4445
2032
2636
5927
5825
3491
3885
6499
6627
5307
3589
3291
3397
6415
6309
3913
6051
6175
2465
2141
2857
4057
5590
1938
2247
4161
4345
3645
3733
2086
2488
2795
4713
4615
2353
5308
933
473
6050
635
4805
4444
6495
191
3398
6304
6049
661
3588
91
544
5928
5824
5074
2196
6990
2551
4251
7248
2916
1981
3690
5926
5826
2594
3813
3957
6986
6176
6985
1006
4762
5591
3492
6989
3846
3990
3685
6619
884
3290
6414
368
5309
6177
6987
6988
5592
1119
5589
311
784
1183
4252
4162
4344
142
3931
7249
3887
687
1054
7250
4079
5931
5827
420
243
6494
6620
4033
5437
835
2290
2683
6413
6305
5587
4658
4559
2438
2745
2031
2635
5930
5828
3493
3675
4443
6493
6621
6722
5436
3289
3400
6412
6306
3720
5780
5713
2464
3646
2195
6786
6048
6172
2142
2856
3709
3587
2550
4253
2352
4163
6721
2593
4343
2246
4058
2915
7136
1937
1980
2087
5588
2794
2487
5929
5829
5781
634
4715
4617
3915
3814
3958
932
5715
6047
6173
5435
6784
1005
472
4761
4804
3494
4442
3399
6723
5659
190
883
6489
6613
3691
3288
7135
6411
6301
3731
3687
5779
367
6785
6046
6174
3711
660
1118
312
3586
783
4342
1182
4254
543
7134
4164
5714
5661
4034
3888
141
686
1053
5934
90
5830
419
244
6488
6614
3401
3847
2682
834
2437
3991
3935
4083
6410
6302
2744
4659
4560
6981
2030
2634
5933
5831
3495
5765
4441
2289
6487
6615
3665
5728
7052
3287
6409
6303
6725
6726
2463
2855
5764
6980
2194
6045
6169
2143
5660
4341
3585
2549
4255
2351
2486
4165
2592
2245
5730
3721
2914
1936
1979
3676
2088
633
2793
5719
5932
5832
1004
4717
4619
3921
3402
6979
3815
3959
7051
6044
6170
4037
471
5720
4760
4803
5766
7050
931
3496
6724
189
882
6483
4440
6607
5729
4065
3286
6408
6298
3712
366
3666
659
6043
6171
3688
4061
4340
313
1117
5721
4166
3584
782
1181
4256
89
685
3692
140
3918
2436
1052
5937
5833
833
418
245
3403
6482
6608
542
2681
3732
2743
7046
6407
6299
3647
4660
4561
2288
2029
2633
5936
5834
3497
6481
6609
4439
7045
7085
3285
5987
3923
4038
6406
6300
5717
2462
2854
2193
6042
6166
2144
4067
4339
3892
4167
3583
2548
4257
1935
2485
5767
1003
2913
1978
3723
2792
7083
2089
5935
5835
4719
4621
3404
5716
2244
7044
2350
2591
632
5988
7084
3816
3960
3667
6041
6167
470
930
4759
4802
5768
3498
188
881
6477
6601
4438
5718
3284
7187
5986
3678
6405
6295
7182
6816
3677
365
6817
7188
4338
6040
6168
3848
5769
314
658
3992
417
3582
781
4258
88
4168
7183
139
7190
1116
684
3722
7186
832
1051
5940
5836
3405
2742
246
6476
6602
2435
1180
6815
541
2287
7189
6404
6296
7184
5771
5345
4661
4562
7185
2028
2632
5371
3724
5939
5837
3499
4437
6475
6603
3283
3679
2680
6403
6297
6773
3714
5347
7268
2192
6039
6163
3669
2145
4337
2853
2461
4169
5770
5369
3581
2547
4259
1934
4068
3924
2484
1002
5346
2912
1977
2791
2090
2590
2243
3406
5938
469
5838
5370
4721
4623
631
2349
6774
3817
3961
929
6038
6164
7266
4758
4801
7267
5272
5267
5772
6772
3500
187
880
4436
6471
6595
3282
6402
6292
364
3648
3927
5268
6037
6165
5271
657
1115
4070
4336
3693
315
5610
3580
780
4260
87
4170
683
138
5572
1050
2741
3407
5519
5943
5839
5483
2434
416
831
247
6470
6596
1179
3680
3725
540
6401
6293
3994
3851
4662
4563
2286
2679
2027
2631
5942
5840
5270
5269
3501
4435
6469
6597
3281
6400
6294
5573
5609
5608
5574
2191
6036
6160
4335
2146
2852
2460
3579
2546
4261
1933
4171
2483
5091
5090
2589
2242
5518
5484
2911
1976
1001
2790
5520
5482
3408
630
2091
5941
4723
5841
4625
2348
3818
3962
6035
6161
928
468
4071
3928
4757
4800
7661
5092
5089
3726
3681
186
879
3502
4434
6465
6589
3280
6399
6289
363
4334
6034
6162
7235
5449
316
5450
656
1114
5088
5093
3578
779
4262
4172
86
7231
137
2433
2740
682
3409
1049
3694
5946
3649
5842
7663
415
6464
6590
830
248
1178
539
7662
5448
6398
6290
2285
2678
4663
4564
5451
2026
2630
3929
5945
5843
3503
6463
6591
5094
3279
4433
5099
4075
5098
7232
7234
6397
6291
5452
2190
6033
6157
4333
2147
5447
7230
5095
3577
4173
2545
7233
4263
1932
2482
629
1000
2588
2241
3410
2789
1975
2910
2092
4725
4627
5944
5844
2347
3819
3963
2851
2459
5096
6032
6158
3729
5097
467
3995
3684
3728
3683
927
5128
5131
4756
4799
3852
185
878
3504
6462
6586
3278
4432
6396
6286
362
655
6031
6159
4332
5108
1113
5109
317
4174
3576
778
4264
85
681
2432
2739
414
136
3411
1048
829
5949
5845
6461
6587
249
1177
538
4076
3930
5127
5132
5129
5130
6395
6287
2284
2677
4664
4565
2025
2629
5948
5846
3276
3505
6460
6588
4431
5107
6394
6288
5110
4331
5106
2458
2189
6030
6154
2148
5111
3413
2850
4175
3575
2544
4265
1931
999
628
7681
2788
1974
2909
2093
7656
4727
4629
5354
5947
2481
7679
5847
5359
2240
2587
3650
2346
7657
3820
3964
3695
6029
6155
466
926
5294
5330
5297
5329
4755
3277
4798
877
184
3506
4430
3412
6393
6283
361
5356
5357
4082
3934
654
6028
6156
7655
7680
318
4176
5358
5355
4330
2738
1112
3574
777
4266
250
84
2431
1047
135
680
6877
6872
5296
5295
5331
5328
5952
5848
828
6876
413
1176
6873
2676
2283
537
3275
6392
6284
4566
4665
3853
3996
5229
2024
2628
3414
5228
5332
5951
5849
3507
4429
5327
3686
3730
6027
6151
6391
6285
2149
4177
2188
6875
6874
998
2849
4329
7312
4628
2457
3674
3274
3573
2543
4267
2239
1930
627
7309
4726
3719
2480
1973
2908
2787
5950
5850
2586
7311
2345
2094
3821
3965
925
6771
465
6766
5191
7310
6152
6026
5188
5429
5428
5192
4754
4797
5187
7308
3415
5227
183
876
5230
3508
4428
7313
6390
6280
319
360
5231
4178
4084
6025
6153
3936
5430
5226
5427
2737
4328
6770
6767
412
653
2430
3273
3572
776
4268
83
251
1111
134
827
679
1046
6769
2675
6768
5955
5851
3903
5190
4043
1175
5431
5189
3651
5166
3696
2282
536
5426
5170
6389
6281
4666
4567
5167
5171
3416
2023
2627
5954
5852
3509
4427
5393
5392
6024
6148
6388
6282
4179
4626
4724
2187
2150
997
7574
626
4327
5344
5339
2848
2456
3272
3571
2542
4269
1929
5394
5391
2479
1972
2907
7576
2786
2585
2238
5953
5853
5340
2095
5168
2344
5343
464
924
5169
3822
3966
6023
6149
5390
182
875
4753
4796
3417
5342
3854
6468
6592
3510
3998
4426
7028
5341
5395
7029
6387
6277
7575
6022
6150
359
4180
2736
7030
320
2429
4326
6467
6593
3271
1110
7584
3570
775
4270
82
5348
411
133
678
3673
5353
3718
1045
252
826
7027
5958
5854
7585
1174
535
2674
5352
6466
6594
2281
4667
4568
6386
6278
2022
2626
5380
652
5349
3418
5375
7031
5957
5855
3511
4425
7032
4624
6385
6279
7081
6021
5376
4325
7583
4181
5350
5351
2151
996
6145
2186
2455
4722
625
5379
3270
3569
2541
4271
1928
2237
2478
2096
2584
7080
1971
7079
2906
2785
5956
5856
3901
4041
2343
5378
7054
5377
3823
463
3967
7057
2847
7082
6474
6598
6146
6020
923
181
874
3419
4752
4795
3512
4424
3653
5386
3698
5381
4182
7055
6384
6274
4324
7056
358
6473
6599
6019
6147
2428
2735
7078
321
5401
3269
5396
3568
774
4272
81
7077
7058
5385
5382
132
7053
677
825
410
1044
2673
253
5961
5857
1173
534
6472
6600
1109
5400
7099
4668
4569
2021
5397
2625
6383
6275
2280
651
5384
5383
3420
7096
5960
5858
3513
4423
5399
5398
4720
4622
7075
6382
6276
4183
995
7072
2152
4001
3855
6018
6142
2185
2454
4323
624
3268
7098
2846
7097
3567
2540
4273
1927
2477
2097
5407
5402
3672
3717
1970
2905
2583
7100
7095
2236
2784
5959
5859
2342
3824
3968
6480
6604
922
462
6143
6017
5416
5411
3421
180
873
5406
5403
4751
4794
7076
3514
4422
7071
7073
6381
6271
4184
2734
357
6479
6605
5415
5412
7074
6016
6144
2427
5405
322
4322
7114
5404
3267
7111
3566
773
4274
80
131
676
1043
409
824
254
5414
5413
5964
5860
1108
1172
533
650
3902
4042
7092
2279
2672
6478
6606
7091
4669
4570
2020
2624
6380
6272
3422
5963
5861
3515
4421
3699
3654
4185
5422
5417
4321
4718
4620
6379
6273
7089
994
7115
7094
623
2153
7110
6015
6139
2184
5446
5441
3266
7113
7112
3565
2539
7093
4275
1926
5421
5418
7090
2476
2098
2582
2235
1969
2904
2783
5962
5862
2341
3825
3969
921
5445
5442
2845
461
6486
6610
3423
5420
2453
6014
6140
5419
5444
179
872
7143
5443
7142
4750
4793
7108
3516
4420
7105
2733
4186
6378
6268
7106
356
6485
6611
4003
3858
7107
6013
6141
2426
4320
323
3265
7145
7140
3564
772
4276
79
408
3671
675
130
823
3716
7144
7109
7141
1042
5461
5456
255
5967
5863
1171
532
6484
6612
1107
2019
7104
2623
2671
2278
4670
4571
5493
5488
6377
6269
3424
5457
5460
649
5966
5864
3517
4419
5492
993
4716
4618
5459
5489
4187
6376
6270
5458
7156
7153
622
2154
6012
6136
4319
2183
2844
2452
3263
3563
2538
4277
1925
7154
2475
7155
2099
7132
1968
2903
2782
5491
5490
7129
5965
5865
4056
3912
2581
2234
2340
920
460
3826
3970
3425
6492
6616
6011
6137
178
871
3264
4749
4792
7152
7157
7123
7120
3700
3655
3518
4418
2425
2732
6375
6265
7130
7131
6491
6617
7122
355
5514
5515
7121
4188
4318
6010
6138
5521
5526
324
7124
7119
7133
3562
771
78
5513
5516
7128
1041
674
129
4278
256
2670
2277
5970
5866
1106
648
1170
822
5525
6490
6618
5522
407
531
5523
5524
2018
2622
3262
3426
4671
4572
6374
6266
7169
5512
7164
5517
5969
5867
7161
3519
7160
4417
4714
4616
6373
6267
7158
3859
4006
621
992
7163
2155
4317
4189
6009
6133
2182
7167
7166
3670
3561
1924
3715
2537
7218
7223
2474
2781
7165
7162
2100
459
919
7168
1967
2902
4279
5968
5868
5529
5530
7159
2843
2451
2339
6498
6622
3827
3971
3427
3261
2233
177
870
2580
6008
6134
5528
7220
5531
7221
4741
4784
7219
7222
5223
3520
4416
7192
5222
6372
6262
4316
6497
7191
6623
5221
5224
354
4190
5527
5532
6007
6135
2731
2424
325
7196
1105
647
3560
770
4280
77
1040
673
128
5220
257
2276
2669
5971
5225
7193
4054
3907
821
1169
6496
6624
3260
3428
7356
7361
2017
2621
6263
6371
4672
4573
406
5544
3656
3521
4415
4712
4614
3701
620
991
5545
7194
4191
4315
7195
2156
6006
5141
6130
5543
2450
5546
5142
2473
2780
2101
458
918
2842
2232
7213
6504
6628
5547
7357
3429
3259
5542
7358
7359
176
869
6005
6131
5143
7360
5140
4314
6503
6629
2730
2423
6004
4008
2275
672
7246
5562
3430
7242
2016
5874
530
5873
5972
6370
6264
2181
5872
5973
3559
2536
1923
2901
4281
1966
2338
3828
3972
2579
7216
4791
4748
6369
6259
3522
4414
5139
7212
4192
7217
5144
6132
3863
353
326
646
3558
769
76
1039
2668
5563
1104
7214
258
127
4282
7215
1168
6502
6630
3258
3657
3702
529
2620
4673
6368
6260
4574
405
5561
7247
820
5976
5869
5975
5870
5564
4413
3523
5121
5120
4710
4612
619
4193
5565
7229
6367
6261
7245
4313
7225
7227
2157
6003
6127
2180
5560
990
2449
3557
1922
2472
2535
3257
457
2102
2841
2779
917
1965
2900
3906
4053
4283
7243
5974
3431
5871
2231
2337
6510
6634
5122
3829
3973
7244
175
868
7228
6002
6128
5119
5578
2729
2578
4747
4790
5577
3524
4412
4194
4312
5118
7226
2422
5123
6366
6256
6509
6635
352
6001
6129
327
3256
7224
3432
7273
5579
1103
5576
645
7270
3556
768
4284
75
126
2274
2667
671
1038
259
819
5979
5875
1167
404
6508
6636
7241
3658
3703
2015
7269
7274
2619
528
7236
4674
4575
6365
6257
5575
5580
5978
5876
4195
4311
3525
4411
4708
6805
4610
7271
7272
6806
6364
6258
7238
7239
618
989
4011
2158
3866
6000
6124
2179
3255
3433
2448
456
916
3555
2534
1921
5583
5006
5584
2103
6804
7237
2840
6807
1964
4285
2778
2471
2899
7240
5977
5877
5001
2336
6516
6640
3830
3974
2230
2577
867
174
5002
5005
5999
6125
5582
4746
2728
2421
4789
5585
6803
6808
4196
4310
3526
4410
5581
5586
6515
6641
6363
6253
7258
351
7257
5998
6126
3254
3434
328
7262
644
3554
767
4286
74
3682
3727
125
2273
2666
5003
5004
670
1102
1037
818
4055
260
3909
5982
5878
7259
1166
6514
6642
2014
2618
527
403
4675
4576
6362
6254
617
988
7252
7255
7254
7253
5619
5620
5981
5879
4197
4309
3527
3659
4409
3704
4706
4608
6361
6255
7260
2159
7261
5997
6121
3435
3253
2178
5618
5621
7307
2447
7256
2229
3553
2533
1920
455
915
5199
7251
2839
2104
1963
2470
2777
2898
4287
5980
5880
2576
6522
7305
6646
2335
3831
3975
5622
7279
173
866
5617
7306
5996
6122
7282
2420
4745
4788
4198
4308
3868
4012
4408
3528
5202
2727
6521
6647
6360
6250
350
7278
7283
5995
6123
3437
3252
5203
329
5200
7280
2272
2665
5631
5632
643
3552
7330
766
5201
73
124
669
1036
1101
7281
261
4288
5985
5881
1165
6520
6648
7286
2013
2617
7331
526
4676
4577
5630
6359
402
6251
5633
5204
616
817
3436
4199
987
5984
5882
3660
3529
4407
5634
4704
5629
4606
4307
6358
6252
3705
7284
7293
2160
7296
5994
6118
7298
2177
3251
7326
7329
914
454
7295
3551
1919
2469
2532
2105
2838
2776
3908
1962
4052
7328
2897
4289
7285
5883
5983
6528
6652
2334
3832
7301
3976
7297
2446
3438
2228
172
865
2575
7302
7327
5064
5993
6119
2726
7294
4744
4787
4200
5063
4306
5065
2419
3530
4406
5062
5313
7304
7303
6527
6653
6357
7300
5318
7299
349
3250
5992
6120
6247
330
642
72
668
1100
5317
7408
3550
765
4290
5314
6826
6832
7405
7404
1035
123
262
7409
2664
816
401
1164
525
6526
6654
2271
3439
2012
2616
6831
6824
5066
5061
4677
4578
6248
6356
3706
986
4201
5315
5316
3869
615
3661
6825
3531
7383
4405
7382
4305
6830
6355
7665
6249
7673
2161
3249
7666
4702
7675
4604
2176
2445
2468
2531
3549
1918
4291
913
453
7407
7406
2775
4015
2106
2227
2574
2837
2896
1961
3440
6745
6750
4783
4740
2333
5505
5500
864
3977
2725
2418
3833
171
6746
6749
7384
6534
6658
7381
5087
7674
5504
7664
4202
5501
6890
6898
3532
4404
4304
7385
7380
5082
6354
5086
5083
331
3248
5503
6659
6533
6244
5502
641
348
1099
71
667
764
3548
4292
4579
4678
2663
400
2270
1034
6748
6747
263
3441
122
6897
5085
5471
815
6891
1163
524
5084
3707
3662
2615
985
3873
4019
614
2011
6660
6532
6353
6245
5470
4203
6896
6892
3533
4303
4403
2162
6352
6246
4602
4700
3247
2175
6886
6881
7596
2444
452
912
2467
2774
2836
2530
3547
1917
4293
2226
4781
2573
2107
4824
1960
6882
3442
5469
2417
2895
3663
6885
2332
863
7611
5472
2724
6664
6540
3834
3978
170
3708
7363
7366
6884
6883
4204
7612
7595
5468
5473
4302
3534
4402
6889
6893
6665
6539
3246
332
7367
347
7597
7610
7362
5644
5649
4580
2269
2662
6888
6894
666
7669
640
763
3546
70
3697
6915
4679
6912
3880
3652
7668
1033
4024
3443
1098
264
4294
1162
121
984
523
613
7364
7365
2010
2614
6538
6666
399
6920
5645
3713
5648
814
6887
6895
4205
7667
4301
3668
6919
3535
4401
6916
4698
4600
6913
2163
3937
4085
5646
5647
6914
3245
2173
6911
4786
4743
3545
1916
911
451
6918
6921
2466
2835
2443
2529
4295
2773
2108
3444
2894
2723
748
2331
1959
2416
5755
284
5760
2572
2225
2524
2115
967
509
862
169
6833
6828
6922
3938
3794
965
283
6917
2164
3244
3536
4400
5756
5759
746
510
966
282
747
2174
4300
4533
511
272
1263
1392
753
4206
3544
6827
6834
752
273
4632
6795
1248
1342
6794
612
1097
762
4296
341
665
1032
286
639
522
1391
983
754
271
5757
5758
268
1262
120
502
964
508
958
265
1161
813
749
751
270
398
69
5256
2168
2892
2170
2110
719
10
3537
4583
2114
2994
3445
1400
3026
3543
5252
6835
7733
4681
2891
2169
6829
2527
7732
7501
7500
2822
2525
3024
2165
1494
6779
6776
2172
2526
3084
3086
2167
2821
2111
4399
3219
7502
3242
6793
6796
3025
2946
3085
4742
4785
2317
2711
2834
2893
3023
3083
2442
3207
7499
11
5255
718
1958
2109
1915
2330
5253
6866
2710
2318
2528
2571
2224
3538
6865
3
728
345
1081
334
6775
342
6780
280
743
338
4729
7337
7338
1157
1404
6863
6868
7503
14
6976
7498
6778
5044
6777
4297
1898
12
1899
721
1249
1341
3541
7426
1495
1499
5257
4631
1401
6867
959
503
960
504
6864
4491
4490
5254
722
274
720
13
7483
7478
4397
750
7335
7340
7336
269
7339
755
119
7425
7480
1096
7482
2166
6978
638
266
2171
7607
4110
1031
4932
4911
7479
4109
611
982
7710
761
2522
2113
6977
4298
7609
7001
664
277
19
68
397
756
812
725
4833
7481
3734
3689
5043
1160
1080
4832
4
276
275
339
732
757
758
6997
521
507
961
1313
7465
7474
343
1158
1498
1390
6974
505
7000
963
3243
3539
1316
5
730
7424
3542
5031
1235
7463
506
3216
5045
962
344
17
3639
726
5210
5213
281
744
3644
7608
335
4398
7641
7473
7464
1402
7477
4930
4909
1496
4910
4845
5209
5211
4846
3446
7643
7702
7466
3210
4931
7496
7729
7200
4111
7205
4848
1403
4859
4844
7642
7505
7697
7645
5033
4857
4855
7696
7737
4843
7735
6999
7204
4854
7486
7004
7705
7002
6975
6998
7736
4861
7201
3209
6973
116
4847
7485
218
5032
7509
7003
4860
7512
7462
4863
977
6942
6943
809
2112
2523
4862
447
7510
279
1079
7694
723
18
968
4108
5600
1490
1491
731
1
1159
1271
1274
1273
1275
1381
1385
1383
1388
1386
1272
745
4864
7
7475
969
7495
499
7704
7513
278
7703
395
742
7487
6
1891
500
66
724
4856
7504
16
117
1312
1389
759
740
1091
336
7706
978
2
1398
1270
1387
7700
1897
333
7734
7644
4858
729
7005
7421
5208
5212
7497
1399
1489
810
7701
340
970
7484
7731
7699
7508
1277
1382
501
1395
7715
735
7640
7203
1888
1890
8
7723
445
7476
1234
7202
7709
1893
1082
741
6941
267
1894
1314
7518
1396
7718
4581
25
7506
733
727
7511
1892
3221
1497
1488
7519
15
1889
7721
7730
7714
1405
1397
1233
7507
23
20
337
22
736
738
7722
1493
7514
7716
1315
739
9
7516
7720
7515
7400
7488
7517
1486
7429
1492
1896
7448
1895
7491
7711
1484
1309
7447
1349
1279
1384
7494
7712
7422
7707
24
1351
7436
1394
1393
1357
7433
7434
7708
7435
21
1310
1311
7428
7423
7427
7717
7420
5597
4865
7418
4866
3167
734
1303
1297
4867
7738
5558
7489
4840
3176
4841
7490
4524
3178
7446
3211
7438
7437
737
7493
3165
7492
7398
4086
4986
4842
4851
5599
1265
4988
7449
7445
5601
7174
1343
3179
4989
1347
7450
2955
7419
2987
5559
3218
1487
1485
3206
2995
4991
7399
6965
4087
1308
1474
1475
5596
1302
1356
1318
1241
1425
1324
1346
1429
1236
1238
2945
5036
7672
1417
5598
1328
2940
1407
1247
5557
1325
7671
1321
3177
1902
1266
1903
1477
1363
1481
7175
2984
1243
5035
6964
1476
1478
7173
4990
4987
1244
1320
1269
6966
1482
1464
3166
1459
1373
1278
1480
4734
7670
1440
1470
1469
1471
1435
1444
1377
1276
2944
5034
2983
2941
5080
1473
1472
2986
1479
2996
1483
2981
7534
7549
3002
2954
3007
7014
5079
3215
1322
1267
1239
1326
3204
2975
7533
7547
7125
4522
1408
1441
7567
1443
1454
7012
7127
4096
1345
1242
1327
1268
3171
1416
3162
7719
7566
1452
4090
1245
1348
7013
1453
5081
7151
1442
1465
1446
1439
1463
1430
1246
5508
1319
7548
4880
4881
1307
1362
4102
1424
5103
1281
1374
1355
7126
7532
5312
2985
1285
2953
1301
7565
2942
2997
3202
3213
5286
2943
2982
7150
5285
1237
1317
7149
1240
1378
6982
7686
2980
3006
1264
1323
5507
4730
3036
3027
3160
1344
3169
5311
3046
3001
2974
3052
5105
3203
3214
5104
4882
5506
4521
7685
3170
5310
4527
4097
6984
5287
7687
3158
6799
1438
3015
7178
1306
1354
1361
6983
4107
1415
3174
4089
1447
4735
1409
1423
7176
3019
5533
1300
1431
2956
1462
4099
5727
3159
3173
3163
6798
2960
5116
7007
4531
4530
5773
1466
3205
3217
4532
7177
6797
4093
3220
5534
5726
3172
3028
3005
1282
2979
3208
5117
3035
5535
5775
5266
3161
1375
5774
3053
5725
2973
4733
3212
3045
3060
3000
3061
1379
3078
1286
3168
3079
5115
7086
3201
7006
1305
4088
1360
1414
4098
4101
7008
5181
4523
5265
3020
1299
1432
1410
3164
1422
1353
2957
3175
1467
3011
1448
1437
4731
5455
2961
3016
1461
7087
5264
3004
7088
1255
1292
5778
2978
5754
5183
4526
2999
1338
5182
3012
5293
3029
1256
4104
7038
2965
5753
3034
1337
2966
1368
4738
4103
2972
3059
4092
3044
3054
3062
5291
5777
3077
5453
1369
2992
2948
3080
7037
1293
1367
1304
5776
7036
1380
1283
4091
5454
5752
1298
2951
2989
1421
6938
1359
1291
1413
1287
1376
1411
5292
7049
1468
1335
1449
1436
1258
1259
1334
1352
4529
7034
4100
1433
6939
7048
4528
4736
1460
2950
2990
2949
2993
4094
2967
3010
4737
4525
4732
4095
2964
3013
2947
2991
2952
2988
2958
3021
7047
2976
3003
2962
3017
3032
6940
2998
7035
4105
3030
3057
2970
3042
4106
3055
3063
7033
3075
1254
1329
1250
1336
3081
2977
2959
3022
1365
2971
1419
3040
1257
1251
1333
1427
1330
1428
1451
3047
3031
1458
3067
3076
1290
1450
3008
3056
3018
3064
3058
1289
1366
3070
3074
1284
3033
3050
3049
1350
1358
2968
1418
3073
3071
3038
3043
1457
1371
1372
1296
1295
3082
3072
3069
2969
3009
1280
3051
7713
3066
1412
3039
3037
2963
3014
1370
1288
1294
1364
1406
1340
1252
1445
1434
1331
1260
1420
3068
3065
3041
3048
1426
1455
1456
1339
1261
1253
1332
