%%MatrixMarket matrix array integer general 
%============================================================
% Creator: ANSYS Inc
% 
% This is a 15348 x 1 Matrix
%============================================================
15348 1
5116
14799
5117
5144
5145
2039
2040
2048
14628
2704
2712
14629
2705
2049
2711
2041
2703
5389
5640
5639
14796
5388
4646
4648
4647
12753
3917
4168
4419
2022
2050
598
13886
2020
1092
1332
2019
1331
4185
4186
13209
5379
5380
3682
2045
2046
2054
2056
2037
2696
2698
2699
2707
2692
2694
5390
5115
5143
2059
8911
2713
14795
5641
1330
1564
1563
2744
1103
2714
2038
2243
2706
2047
833
1093
11320
4167
4150
4874
4175
1066
1100
1792
1059
1094
1060
4413
5637
5386
5373
5147
5119
4143
4144
5100
4169
8684
5118
5146
5387
5638
8502
2710
2957
2031
2042
2702
2051
5124
5403
2700
8904
2708
8963
2053
1061
1095
12133
1096
4146
4170
10930
4171
1062
8939
8880
2701
10057
2709
2043
10447
2044
2052
5121
5129
4147
4172
11285
4148
4173
4149
4174
11292
10157
10545
10452
1065
1099
12493
1064
2943
2950
2029
5696
5399
4145
11286
8970
10177
10564
1063
1098
11938
1097
10923
11767
5636
1329
1559
2018
824
4645
3908
9642
9378
14793
2026
2946
5700
5132
11939
5125
5133
2952
2947
2036
2025
5699
5402
12127
10441
10049
10063
12488
8890
8949
10736
12487
13887
8879
8938
12638
12639
10737
14801
12752
13885
5701
5404
5134
5698
2948
2024
2697
5401
5123
5131
2057
13208
2743
5372
2945
2027
5126
11321
1058
2953
2035
2693
2242
8951
8892
4412
5635
2060
4142
2956
2032
1791
3907
5099
8649
8468
4644
823
14792
1328
2017
5130
1558
2944
2033
4873
10453
10064
14791
10047
10439
2034
2954
2028
5405
11766
13888
5702
10114
10501
2023
2949
5122
5400
5135
9596
9332
8921
8862
13207
2971
2457
12219
11017
12754
10897
5697
5127
2955
12100
13884
2964
2464
11271
12475
8935
10226
9835
14797
5695
2695
14794
5128
2058
5398
5120
5642
5391
3906
822
2942
10169
10168
2021
10555
5114
5142
8876
2951
2030
10556
2742
8966
8907
11322
2016
5371
5098
5634
2241
12637
4141
4872
1790
11016
12119
5643
5392
5113
5141
12218
10916
2055
2691
1327
1057
4411
4643
1557
8861
8920
11824
12640
10622
8877
8936
13889
2458
2970
10069
10457
10454
10065
13883
9680
9415
13206
12755
5644
5140
9834
10225
2465
10054
10445
1789
2240
2741
11940
2963
5097
8960
8901
12520
11323
1056
11318
11765
821
5633
4642
3905
8512
8692
11317
12152
5393
5112
1556
1326
8895
8954
5370
4410
4871
2015
4140
8952
8893
10546
10158
10951
10738
13890
9831
10222
10554
10167
2969
2459
2962
12756
13205
12325
10890
13882
2466
14823
14822
12094
8950
10060
5369
2740
4641
10442
10051
2239
11324
2014
5111
4139
4870
8858
8917
8891
12641
5632
4409
5394
5645
12636
820
12220
14785
11019
10449
1788
5096
1325
5139
1555
1055
3904
11018
8941
8882
9679
9416
13891
11764
11823
2460
2961
10456
10068
10621
13881
13204
8693
8511
2968
12757
10159
10547
2467
2739
11325
2013
819
12124
4640
4138
1787
2238
5095
3903
5631
1324
1554
14820
4869
5646
5110
8956
8897
4408
1054
5368
8942
8883
12326
10448
10058
5138
5395
10156
10544
11123
13892
12095
12758
10891
11763
13203
10945
2461
2960
13880
1053
2468
10638
2738
2967
5367
5630
4639
4407
9830
10221
11326
2012
8666
8484
12635
8889
8948
12642
12319
3902
2237
818
4868
5094
4137
5396
5109
1786
12328
1323
1553
5647
5137
11126
9335
9599
11840
8955
11125
13893
8896
11762
2462
2959
10050
13879
13202
8857
8916
2469
2966
11952
10750
12759
10458
3901
10052
10443
5093
2737
10224
11327
1785
1052
5629
9333
5397
5108
9597
2236
10059
817
5366
2434
2435
2994
2965
5648
5136
4867
8918
2463
2958
4638
4136
1322
2011
1552
4406
12153
3515
2470
8859
11841
10056
13201
13894
10952
11761
8945
12760
10640
10170
8476
8657
13878
12331
4866
8464
8646
5365
8906
10354
8965
1051
3900
4135
2736
12634
2235
5092
11328
8886
1784
5628
4405
4637
10842
2010
12318
8944
816
8971
1321
1551
8912
12643
11116
9523
9787
8885
10541
2993
9338
9602
11117
13896
9833
2436
11760
2471
10166
12046
3514
10553
13200
11268
11822
13877
13895
12761
2735
5364
10070
2234
1783
11329
2009
4404
3899
5091
5627
4865
10440
1320
8940
815
9331
9595
2437
2992
3513
8481
8662
8881
1550
10620
1050
4636
4134
8967
12471
10353
13199
8864
2472
12045
11759
8908
12762
10220
10062
10840
13876
9963
13897
9337
9601
3898
1049
8923
4864
2008
2734
5626
5363
12633
12644
2233
2991
12317
11330
14826
14695
814
5090
8423
8604
10562
4403
4635
10639
11842
4133
9381
9645
8932
1319
1549
2438
1782
8873
11128
11758
10563
12332
11129
9836
3512
8856
13898
13198
2473
12763
13875
10176
12047
2733
2232
8915
8507
8688
813
5089
10953
5362
11331
5625
9377
9641
2007
3897
4634
2990
2439
10843
1548
1318
10227
1781
8486
8667
3511
4402
1048
4132
4863
14788
12154
2474
8934
8875
12764
11757
13197
11843
13899
10642
13874
4862
9379
9643
12333
2006
14835
2732
4131
1047
8490
9340
9604
5624
8671
10436
10044
2231
12645
11332
14699
812
2989
4633
2440
3896
5088
12316
10841
10351
1317
1547
1780
4401
12632
5361
8922
11115
8863
11114
9960
2475
9594
11756
3510
9330
12044
8505
13900
13873
13196
12765
5623
5360
8421
8962
11821
8775
2230
2731
4632
811
11267
11333
1779
12470
9603
10075
8602
1046
4861
5087
10463
9339
1546
4400
1316
10619
2988
2441
8903
4130
3895
14637
2005
8928
8869
11755
9383
13195
12766
9647
12315
13872
13901
3509
2476
10838
5359
12043
3894
1045
2730
14658
4129
4860
10229
9838
5086
8594
2229
9376
12631
11334
14840
810
8958
8899
5622
9640
2004
2987
10641
2442
12334
1545
1315
1778
2477
4399
4631
12646
11130
11844
3508
11754
8531
10432
8712
11131
10040
8673
9644
13871
13902
13194
8492
9380
12767
2729
10219
2228
12048
9829
9342
9606
1777
5085
8925
8866
10954
5621
11335
809
1044
4630
4859
2443
2986
8687
1314
1544
4128
3893
4398
5358
2003
12155
10844
9593
8506
9329
14694
11753
13193
3507
2478
8931
8872
12768
12335
13903
13870
10435
10043
10644
5620
5357
4858
2002
14837
3892
4127
4629
8600
8419
2728
11845
2227
12630
11336
14691
8914
8855
12647
808
1043
9341
9605
12314
1776
4397
2985
2444
10839
1313
1543
2479
3506
11112
5084
11752
11113
9385
9649
12042
10228
9837
13869
13904
13192
8933
8874
12769
2727
11266
11820
2226
8596
8777
807
5083
9375
9639
2445
2984
11337
1775
12469
5619
3891
1042
4628
5356
1542
1312
4857
4126
10350
9959
4396
14696
10618
2001
8924
8865
3505
2480
11751
8558
8739
12770
13191
12313
13905
10504
10117
13868
8496
8677
9382
9646
10836
12041
3890
1041
2726
2225
14698
4856
9344
9608
2446
2983
11338
14841
12648
12629
5355
4125
806
5618
2000
10643
1774
1541
12336
10472
10084
1311
4395
4627
8927
8868
11132
11846
8694
8513
9328
5082
3504
2481
9592
8961
8902
11750
11133
13906
13867
13190
5617
5354
12771
12049
8599
4626
2224
2725
1773
5081
10955
8957
8898
11339
8418
805
1540
1310
1999
4855
2447
2982
9343
9607
4394
4124
10845
10231
9840
1040
3889
12156
2482
3503
14692
11749
12772
13189
9387
9651
12337
10430
10038
13907
10646
2223
2724
13866
4854
1998
14836
4123
1039
8514
8695
10218
9828
12628
12649
11847
8926
8867
11340
804
14693
2448
2981
5616
4625
9374
9638
3888
12312
1539
5353
10837
1309
1772
4393
11111
11110
3502
2483
5080
11748
8930
8871
12040
13908
13188
12773
9346
9610
9384
9648
13865
2723
11819
10042
10434
8854
8913
2222
8491
8672
5079
803
11265
2449
2980
11341
1771
12468
4392
3887
1997
5352
5615
4853
1538
8549
8730
1308
1038
4624
4122
14697
10617
2484
3501
13187
12774
11747
10230
9839
9327
9591
13909
12311
8776
13864
8943
8884
10834
8595
12039
3886
1037
14684
4121
2221
2722
12650
12627
2979
4623
8900
8959
2450
11342
14843
4391
5614
1770
4852
1996
10645
1537
1307
9958
10349
12338
9345
9609
5351
802
9389
9653
11848
8420
8601
5078
2485
3500
11134
11746
11135
8964
8905
13910
10505
10118
12775
13186
13863
2220
2721
12050
9637
2451
5350
5077
5613
801
10956
11343
8919
8860
9373
3885
1036
2978
4851
1536
10846
1769
3499
1306
10473
10085
4390
4622
4120
12157
1995
8686
2486
12776
13185
14636
11745
8937
8878
9386
12339
13911
8489
10648
9348
9612
13862
2977
9650
2720
4850
1994
8870
8929
14844
4119
2452
2219
12651
12626
11849
11344
1768
14700
8670
4389
5349
10233
9842
1535
1305
3884
5076
1035
12310
10835
8526
8707
800
4621
11109
8488
11108
2487
3498
8968
8909
11744
9326
12038
5612
8888
8947
9590
10036
10428
8669
13912
12777
13184
13861
8910
8969
2218
2719
11818
4620
799
11264
11345
1767
12467
4388
5611
1993
4849
5075
2453
2976
10217
1534
9347
10616
9611
1304
8422
5348
9827
1034
4118
3883
14688
9391
9655
8603
8894
8953
2488
3497
11743
8887
8946
13183
12778
12309
13913
10832
13860
5610
4848
5347
2718
12037
3882
1033
2454
2975
14656
4117
5074
2217
11346
798
10041
10433
14845
9372
9636
8593
1992
10647
1533
8774
12340
1303
1766
4387
12625
4619
12652
2489
3496
11136
3000
422
11850
2999
421
9841
10232
11742
11137
3001
423
13914
13182
12779
8479
8660
9388
9652
13859
2717
2216
9350
9614
12051
420
1765
5073
10957
11347
797
2997
419
5609
3881
1991
4618
2974
2455
3002
424
1532
1302
2998
5346
4116
3003
425
4386
4847
1032
12158
10348
9957
10847
9325
9589
3495
2490
14682
11741
12780
13181
12341
13915
6529
14913
6530
8477
8658
10506
10119
15069
6528
6531
7247
15138
7246
10650
8218
7245
8226
13858
7244
418
2996
4846
1990
8154
6532
14842
3880
4115
1031
7248
5608
4617
2215
2716
5345
15171
7243
6527
14906
11851
11348
12653
12624
796
14702
8162
2973
2456
12308
6205
6533
4385
7249
10833
10474
10086
9349
9613
6206
6225
9393
9657
1301
1531
7053
7242
6526
1764
7042
7054
11106
8155
8219
3494
2491
11740
5072
11107
8466
8648
3004
426
12036
14955
15144
6207
7052
7253
6525
13916
13180
2995
416
12781
8217
8153
13857
2715
7241
6524
6224
7055
6534
7250
417
11817
2972
415
1530
1300
795
5071
11263
11349
5344
1763
12466
5607
3879
1989
10235
9844
9371
9635
4845
4114
10615
397
3544
2492
3493
5776
3569
414
3552
4384
1030
4616
7251
14686
14926
7056
6223
7025
6186
7033
6188
7259
6606
11739
8167
13179
12782
8231
6535
7034
6203
399
3553
7051
12307
13917
13856
10830
9352
9616
6208
10426
10034
2787
12035
3878
1029
9390
9654
15169
585
3542
14632
6202
7035
6362
469
11350
12623
12654
7158
14847
5775
3568
794
5606
4615
5070
6536
6605
7258
4844
1988
400
3554
8501
8682
10649
1762
10216
9826
4113
12342
7252
1529
1299
7950
6189
7032
4383
5343
11138
3492
2493
15181
11852
6209
11738
413
3551
45
48
63
46
351
396
372
365
61
373
6363
7855
389
11139
7050
9588
9324
381
14618
388
14473
37
14364
30
14353
38
199
16
7144
13918
14362
412
3550
12783
13178
13855
358
14474
201
28
2786
6226
6190
7031
586
3541
6266
7104
14909
14484
212
17
357
7057
69
468
14552
390
10039
10431
39
14361
12052
70
7064
76
8021
321
7649
7672
7656
14545
309
14367
371
60
90
7494
7495
14340
14572
7655
335
7996
5605
4614
374
7671
8045
7493
8075
14332
7504
14543
7036
6201
8076
7999
7506
7647
7974
7510
49
14496
106
5342
6604
14940
15172
7257
401
3555
14283
14282
14383
14285
14561
14286
7646
14616
793
5069
297
327
7505
8048
94
14281
14284
36
7509
105
202
27
14603
342
11351
10958
348
14278
78
92
14323
349
14493
91
14438
7648
9351
9615
328
89
341
387
119
14539
1987
4843
14928
7637
7517
14475
14390
7516
154
167
7547
7548
273
285
7619
7612
130
7541
143
249
7600
261
7559
7540
7613
7601
8055
8020
8046
8028
7638
211
18
14499
3567
5774
8036
302
14625
7588
7626
7589
8056
14331
14344
1761
14589
108
125
314
117
124
303
315
14447
14408
7995
4382
14622
8049
14437
14514
14413
14343
8073
14556
14571
14619
71
14277
8070
7625
7566
14607
14347
6222
14392
267
156
7654
1298
1528
165
7523
278
14523
9395
9659
356
7534
7565
7496
68
14398
141
148
291
279
14287
7503
14280
2494
3491
14567
7657
14506
234
14524
236
149
359
235
8086
238
7469
7470
245
2
7467
8104
5
7468
12
14485
266
1028
4112
3877
255
1
7453
7460
173
132
15166
247
14
3
237
14519
214
14562
189
246
8078
172
4
14346
13
8097
14400
290
254
12159
15133
14279
14289
14399
7730
7748
8096
179
228
10848
15330
14481
340
8037
14273
229
14615
14577
14379
188
14457
14423
7650
7636
14274
8079
88
14372
219
218
191
198
14339
7518
14345
14584
7515
95
326
104
329
11737
7624
14595
14401
8072
7611
7542
7539
7998
370
6603
3566
5773
7256
79
7639
6267
7105
50
35
7587
14365
7614
375
14687
343
7975
8022
14522
8000
7856
15086
14583
8069
7567
7524
10234
9843
7564
7533
7590
7599
7558
391
7549
8044
8067
411
3549
14424
14610
7627
6227
13177
12784
7602
14288
386
14391
14469
14612
14534
14453
7454
14322
12343
313
109
116
59
7065
7917
14606
14410
14431
14578
14498
14405
8027
14366
14508
8093
8111
14333
14341
14456
13919
14318
6221
40
7811
14321
316
230
7461
14435
14442
277
164
14538
14407
8087
8105
8038
14546
7477
8042
157
7676
14380
268
7030
8088
304
7976
14520
7965
14593
8068
8001
8106
14604
10652
14907
19
210
150
280
187
14327
14574
6191
180
227
171
14599
7483
14537
13854
14414
7058
147
587
133
2785
7143
6305
14440
8019
3556
3540
6200
289
402
265
14324
7994
7478
7677
123
4842
1986
14592
6265
14291
7103
203
467
174
7666
14497
292
256
14833
3876
4111
7574
14275
14317
7492
9370
9634
7037
7665
140
7579
301
197
253
14478
126
14596
5604
5341
5068
14451
14271
14342
14378
14554
14590
26
14454
325
14559
11853
103
14555
14509
14448
96
14382
11352
217
14445
6210
14575
14412
67
330
14384
1760
14381
14701
14624
14292
4381
4613
14461
8094
7543
7610
14541
7255
14272
14492
14490
192
14513
8113
14358
72
14488
87
355
7635
7462
220
7514
14463
80
7519
360
7049
14564
14558
15173
1027
7640
14465
7455
7603
7591
7557
12306
7727
792
1527
7615
1297
7538
7745
7550
14563
7019
6185
344
7993
7598
14458
14517
8109
8354
10831
14312
14290
8404
8091
14486
14397
14363
14420
7916
8002
14516
7568
14406
7623
7628
14470
7977
5769
3562
58
7563
369
8034
7525
14439
41
8059
7532
14573
14402
14319
14429
12622
12655
8018
7729
14956
3490
2495
8054
14427
6602
7747
9956
10347
339
7586
34
8051
15139
14507
376
11104
14585
8033
385
110
312
115
317
51
14334
14542
14503
181
7786
14591
14295
14962
6182
7013
14336
14418
8023
8107
14329
14425
14309
392
14293
7726
175
14494
7744
186
11736
14501
14504
11105
14305
14529
10120
10507
226
8017
15263
8060
7992
12034
231
8003
7667
151
288
293
134
15092
7978
7853
7479
7038
7484
14547
403
14536
276
8089
252
8026
122
7048
14614
14560
14335
14310
146
14387
14374
127
7456
170
139
7463
6304
300
7476
204
25
7675
281
14430
6523
14566
13920
257
305
14432
7678
12785
7016
6179
14449
14487
14587
264
7653
7502
3557
7142
7260
14421
6192
7059
7029
158
7497
14450
3548
410
163
14444
6220
269
7658
7491
14601
8108
14294
3565
5772
13853
7102
8112
196
2784
3539
8090
14426
14436
13176
6211
466
6519
193
7664
8095
9392
9656
216
20
221
14307
6264
11816
11262
14385
14505
14580
7513
8063
7254
8343
8393
14535
14371
14373
9354
9618
14296
7585
14581
7531
14368
324
14306
102
7562
7634
14403
14920
14579
7464
7520
361
97
7551
14394
7556
7537
7592
7641
8035
209
81
7616
7604
331
791
86
4110
7569
345
588
14582
338
7457
7622
11353
66
354
8064
7742
7724
14531
73
7526
14479
7544
8016
12522
8004
7991
6199
12465
1759
14511
14276
14518
14467
14553
8039
14521
14351
1985
4612
5603
4841
14338
15143
7836
393
377
7629
14376
8092
7609
7597
14510
14495
7979
15068
6183
14393
185
33
8047
52
14540
225
7949
14404
14355
232
5340
3875
5067
8074
14409
42
182
14548
14549
258
10475
10087
8071
14455
205
24
6180
57
384
14527
8031
1526
1296
8103
14388
8085
176
7875
14489
294
14325
14460
7966
8077
111
318
311
114
7471
7014
8110
8102
4380
1026
21
14377
14532
14530
14600
14638
10614
14452
14443
7264
15250
7490
7472
306
6522
368
14328
15276
14298
7458
121
128
287
7465
14500
251
194
14369
8084
3489
2496
169
138
14337
14316
135
7980
275
9587
9323
14308
14311
7990
8015
299
8005
11735
162
14375
14588
208
12523
7141
152
14528
7668
7017
14482
222
14326
14297
7674
14525
6212
282
7663
14370
263
14360
145
7578
7679
8053
159
7475
7480
12786
13175
15170
14396
3558
404
14422
6303
14466
195
14912
7485
14565
2783
14395
589
3538
14512
14419
323
7642
14441
14357
14433
14568
270
15132
14434
12305
6193
13921
14315
8082
7743
6219
101
7521
8032
465
7621
82
14348
98
13852
7561
14314
14472
7530
7028
7527
332
8052
14459
7570
7060
409
3547
7633
7512
14468
7765
215
8100
10828
7582
14570
14526
7593
8080
8083
5771
3564
14356
7584
14602
14352
207
8174
8322
6263
7630
346
7581
8098
8062
14446
14491
7263
7596
14330
14533
85
7572
7047
14480
12033
14350
8101
14301
3874
1025
8025
8238
7725
177
6521
7536
7580
14471
7545
8372
8006
14557
337
23
8061
65
14576
8014
74
7981
14320
7573
14313
14411
353
14685
14608
8065
22
14617
12521
8030
7970
7555
7605
7552
7101
8066
362
32
7459
8365
8414
7577
206
298
4611
14598
7466
7576
14594
7868
14477
43
7989
137
286
383
14416
9353
7617
14550
120
183
56
53
168
224
14386
7608
11354
14515
200
7575
250
14613
7039
12656
12621
7645
213
129
6198
259
378
14932
184
14849
4379
233
5066
1758
5602
8081
14300
7669
307
14299
1295
1525
7501
6184
295
14609
8099
14428
112
319
113
262
7498
7652
136
190
7015
14389
394
7
7571
283
4840
1984
15
8058
7486
240
161
6181
7662
7018
7560
8029
10651
14417
7746
14464
367
14626
274
144
271
7583
9617
7489
9846
10237
14476
7620
14502
14621
160
153
7594
4109
244
7643
322
8
241
12344
14551
14483
14586
8043
7474
7631
100
7481
3546
7988
7680
7659
7529
8024
7511
83
7673
8013
11
310
8040
10
243
7528
14620
248
166
7728
99
7632
118
8007
7982
131
14349
84
790
296
5339
14597
7522
284
11140
408
8057
14611
8041
178
223
3563
7815
15182
7554
7535
7553
7546
14544
6
239
11854
7140
347
7595
7607
7983
2497
3488
333
14605
405
7928
7772
7508
14462
7618
7606
7925
336
7262
3559
15136
14415
7487
7507
242
9
14623
11734
9397
9661
8050
75
7046
7488
14569
272
260
14957
93
7987
363
7644
6213
7660
7651
14354
7027
14302
155
142
6194
8008
8012
11141
7500
5770
7670
6094
64
7040
6302
380
7499
7661
7061
6197
15307
6218
352
308
382
395
464
7984
14359
10424
10032
7986
2782
14922
8011
14303
13922
77
6520
320
8009
6932
107
6093
13851
13174
366
3545
7997
7985
7482
7473
379
55
334
8010
31
350
54
7681
406
3560
62
14304
12787
44
6938
590
3537
6262
29
12053
8188
8124
364
47
7100
6931
6100
789
5065
10215
11355
7880
5601
5338
9369
9633
10959
4839
8411
8362
1983
7824
15198
7062
9825
6217
7265
4378
4610
14919
8186
8122
407
5723
3561
15218
15014
1294
1524
1757
15154
6518
7972
7026
6195
3487
2498
7099
15141
7041
6196
14936
3873
1024
4108
7045
6214
12160
7861
6301
6261
10849
7968
7139
8364
11733
6474
6933
6939
14705
13173
12788
8413
398
3543
6101
6174
6138
6095
7024
6187
8353
7867
7261
12345
8403
13923
591
7044
6215
7009
6976
7878
9394
9658
3536
7063
6216
10654
8198
8134
13850
2781
15155
8192
8128
7804
7914
14938
9356
9620
4838
1982
10037
10429
14846
6517
4107
3872
7858
463
5600
5337
7043
6204
15216
11855
11356
7766
12620
12657
7392
1756
14631
6934
1023
6102
7769
3680
5768
12304
1523
4377
4609
10829
6940
6096
7876
7816
1293
7929
2499
3486
6260
6300
788
11102
15204
7138
7098
7967
5064
11732
9586
9322
11103
7008
6975
6173
6137
12032
10236
9845
2780
7912
592
3535
13924
15179
7852
15050
12789
15006
6935
6103
462
13849
7943
7830
13172
6097
5767
3679
11815
11261
8374
4376
4608
5599
15319
7862
15264
1755
4106
6104
11357
8225
8324
8161
9355
9619
12464
6098
4837
1981
6516
14963
7969
8129
8193
9399
9663
787
1292
1522
7323
6538
5336
5063
7391
15223
14124
14242
14202
10346
9955
8201
8137
7971
6172
1022
3871
14690
10613
7863
7864
3485
2500
11731
7097
7137
6299
6259
6974
14200
13171
12790
7770
10121
10508
7879
12303
13925
7007
461
6136
10826
15110
2779
15052
578
3007
13848
15318
6515
12031
3870
1021
7812
7923
14640
1980
3534
7390
8363
5598
5335
8412
15344
11358
3678
593
9368
9632
786
14850
12619
12658
5062
4375
4607
15098
7325
7919
6540
3008
579
4836
10653
7096
5766
4105
577
3005
12346
7761
1521
1291
10476
10088
1754
3484
7808
6258
7871
11856
2501
7006
6135
7136
7322
6537
11730
6298
11142
11143
3533
8366
594
6539
7324
13926
12791
6424
7180
6171
2778
460
9660
9396
7900
13847
7792
13170
9358
10960
12054
3013
584
5597
8377
8326
3006
546
14941
3012
785
5061
11359
583
6547
7422
1020
1290
1520
6514
7963
9848
10239
1753
4374
6257
6297
8315
8851
14900
6392
15035
2502
3483
1979
12161
15278
10850
14706
6546
7421
9321
3532
10422
10030
12347
595
13927
8138
10656
2777
7901
1978
7793
11360
11857
10214
9824
14681
1019
9357
12302
3085
6394
1289
6545
6256
7420
15113
3011
582
3482
12030
6544
7419
8257
8793
3531
7893
13928
2776
10035
15085
3010
3086
1288
3481
6395
9847
8139
7955
6396
5861
15034
5862
5875
5876
5874
5873
15065
5877
5863
6709
6723
6722
9014
6710
6695
6682
6693
15303
6694
6707
5860
9156
9084
5878
9086
6724
6711
6692
5947
9165
9237
5960
9228
15261
6725
6706
6712
5946
9230
9158
5959
5864
6691
15213
9093
9023
5945
14986
5958
6705
6713
5879
15077
5944
6690
9015
6726
15281
9148
5957
6704
5865
5943
15099
6689
15338
5956
6714
6703
9076
9220
9005
5866
5942
6688
5955
5880
6687
6702
15222
15029
5941
5954
14989
6701
15247
9090
5940
9021
9091
6686
6727
5881
9129
9201
9162
5953
9057
8986
6700
9235
9163
9234
9020
5939
5952
15013
9184
6685
9042
5826
9112
6699
5938
5841
6728
15288
5951
6684
15227
6615
6698
15040
5796
6634
9256
6715
5867
5777
6683
15148
6679
6664
6697
5937
5950
14917
5840
9125
9197
9053
8982
6681
9174
5948
14985
15215
6941
15269
6678
6663
5936
5987
5961
5949
6680
6854
6824
6696
6729
6828
6827
15156
9102
9032
6020
6825
6635
6617
9246
6936
6017
6826
14921
6018
5797
5779
6019
6888
6942
6636
6618
5825
6092
5798
5780
6915
6886
6090
6063
6937
15003
5882
6887
6885
6021
6091
6943
14929
6099
6105
15142
14163
15254
5868
6716
9130
14161
14122
14240
9058
5839
5824
6677
6662
15266
5838
5823
6676
6661
8987
15054
6637
5799
6619
5781
5869
6717
15066
15260
15346
5883
9063
9135
5988
5962
15089
9249
9035
9177
9105
6638
5800
6620
5782
9202
6823
6853
6730
6914
6064
6022
8415
6884
8991
9207
14990
14939
9082
9012
9154
9226
15291
6973
6731
5870
9182
9110
5837
5822
6675
6660
15212
9622
14114
5884
6718
14232
4606
15126
5801
6639
9164
9092
9254
9039
14231
6023
15299
4835
7389
7851
15196
5989
5963
5334
9171
9099
6852
6822
6065
6883
6913
6170
15147
14191
7179
14153
4104
3869
15067
5765
3677
5871
6719
15289
5783
6621
15211
14192
9236
9022
7095
7135
6134
11729
14954
9243
9029
9585
12792
13169
6732
14152
15015
5885
6972
7005
15122
15229
14270
8202
5784
13846
7388
5596
14993
4834
9118
9046
6640
6622
5764
3676
14851
4103
3868
5836
5821
459
6674
6659
5802
6821
6851
6513
12659
9190
8974
1752
5990
5964
9136
9064
9043
9113
15095
6882
5333
15333
9183
9255
9111
9040
9257
9185
9621
8410
4373
4605
576
7182
8361
10827
15183
7134
7094
1519
6066
14214
7004
784
12618
6296
14967
14136
14175
6024
11100
7877
9208
11728
8992
15255
14254
6912
5060
15123
6733
11101
2503
14227
9204
8989
5872
7768
9401
9665
15048
14258
6623
5820
6658
15248
7785
596
6169
6133
5785
13168
6720
5886
8356
6673
8405
12793
13845
14140
5803
6971
9367
9631
6512
458
6820
11814
11260
14179
10427
15317
9132
9060
5763
3675
1751
5059
14918
11361
15083
5332
12463
6025
581
5595
4833
1018
6641
5835
6881
6911
7387
5991
5965
6850
4102
575
1518
6734
9001
9217
5842
5852
783
5859
6067
2504
14218
7133
7093
4372
3867
4604
7183
6132
14641
14916
6255
10612
15293
6295
6543
7418
15228
6168
14253
1977
15070
2775
457
11727
15153
8373
8323
10238
6721
6708
14174
14135
15097
15209
12794
5786
6657
7003
6970
13167
12301
14150
14268
13929
15018
9145
9073
6672
9398
9662
15302
15201
5819
5834
15111
10824
14973
9360
9624
3009
580
5804
13844
6642
6624
15342
15325
6542
7417
15107
15010
12029
3866
1017
9024
9094
14689
1976
5992
5966
8203
9238
9166
3087
574
5762
3674
9203
5594
4832
14189
7843
11362
8797
8260
12660
1750
14852
14213
14229
9059
7184
4603
4101
7386
6849
6819
6511
1287
1517
10655
3571
6880
14942
15159
3480
2505
12348
5657
7092
14937
6068
6026
9131
14115
5844
5853
15167
4371
782
12617
9954
10345
6744
6736
14233
6910
11858
11726
6541
7416
5331
7002
6969
3570
5656
9584
9320
6548
7427
5058
7132
6294
6254
6656
11144
5833
11145
8988
6131
14193
5805
6625
6167
14983
15305
7806
7918
13930
5818
13843
15257
14154
5787
6643
2774
3049
2399
10122
10509
8788
8252
15091
12795
13166
456
8382
7385
8331
10961
12055
6510
5761
3673
6671
15060
5854
14255
6745
781
5057
11363
6818
15078
9192
8976
1975
5593
4831
4602
5967
5845
6737
6909
6027
6879
6848
5993
7091
14215
9359
9623
6253
6069
10477
10089
14148
15112
1749
6293
5659
3573
4370
14266
4100
7131
6166
6130
15329
14137
14176
1286
1516
2506
3479
14930
15134
1016
5330
3865
8998
3088
573
6397
12162
10851
6550
7423
7185
6968
7001
11725
9069
7784
14710
9120
9048
14226
9403
9667
9213
13164
12796
14187
12349
2400
3048
2773
455
15279
13931
6847
6817
9141
13842
15124
8831
8295
7892
10658
5788
6644
5832
6670
15242
15328
6551
7321
4830
1974
14853
5968
5994
4099
3864
1015
8140
8204
6509
7384
14259
14141
9362
9626
5760
3672
5329
5056
15282
5846
5855
6738
6746
5806
6626
5817
11364
11859
9215
12616
14633
780
4369
4601
1285
1515
9850
10241
6398
8800
8264
6878
9000
6655
15239
7186
1748
12300
5658
3572
14971
10825
6252
572
3089
6028
6549
7291
3478
2507
6070
14180
14219
14931
12661
7130
6908
11099
9143
7090
7000
6967
11098
5816
11724
10420
8286
5592
7837
6129
6165
7951
14996
8822
6292
14149
12028
6669
15219
9245
9101
9242
9170
14902
5847
5856
15180
6739
6747
5831
13165
14970
13932
9071
9400
9664
12797
13841
15071
14133
8336
8386
14251
9028
9098
15101
3047
2401
2772
6654
14188
15280
15348
14267
14228
5789
6627
10213
9823
5759
3671
11813
454
10028
9173
9031
14172
14211
15331
11365
13163
779
5055
11259
5807
6645
5591
4829
6846
7844
1747
12462
6816
5995
5969
7956
1973
5328
5689
3603
4368
4600
6508
7383
9218
9074
6581
7320
1514
1284
15158
6071
6029
10611
4098
6164
6128
571
3090
3863
6999
6291
6251
15115
2508
3477
6907
6877
1014
15199
14683
7187
9319
9583
9026
7089
14116
14234
5808
6646
11723
453
6399
7129
14977
9096
12798
2771
15109
5790
6628
9240
6653
3046
2402
5815
13162
5848
5857
6740
6748
9146
9002
12299
13933
15306
13840
10033
10425
6966
8805
8269
10822
14194
14155
6668
5830
12027
3862
1013
6845
6815
5970
5996
7319
5849
5858
6741
6749
14708
5758
4599
9250
9106
6507
7382
8205
8304
8839
9168
11366
9036
9055
5688
12662
12615
9361
9625
9199
6250
6030
6072
6906
6876
14856
14982
5054
778
5590
7188
15310
8141
7088
6667
5814
3602
4828
1972
14927
15127
1746
3670
10657
15001
14265
6580
4097
14252
6400
12350
2509
3476
1283
1513
6652
5829
7128
14134
14173
5809
6629
4367
9669
14147
14186
9127
8984
6290
9178
14212
8980
9195
11146
3091
570
10240
9849
6965
6998
11860
7936
7822
11722
5327
5791
6647
8251
8787
5843
6735
14225
9405
11147
6163
6127
14994
7891
9627
9363
7783
15000
13934
15020
15207
5792
6648
5828
13839
12799
15249
9051
15236
3045
2403
5850
6742
5971
5997
2770
9123
9007
5687
5810
6630
5813
5851
6743
13161
3601
6651
6666
15194
14142
14260
8312
8847
6844
12056
452
9078
5757
3669
9107
3092
569
7318
14979
6401
11367
9188
1745
8972
6506
7381
6650
10962
8337
8387
5326
9150
9222
777
1012
5589
4096
3861
6665
1282
1512
6579
6814
15053
5827
14969
6031
6073
7189
9044
9008
6905
6875
5053
14220
14181
5812
5793
5811
14910
15287
9161
6649
9089
3475
2510
1971
6289
7127
15271
5795
7087
6631
6633
15168
4366
4598
5794
5778
6249
5914
5889
6777
6753
4827
15037
6632
6616
9033
9103
12163
15137
5888
5913
6776
6752
10852
9223
9151
9251
9179
6997
6964
15084
11721
6126
6162
9034
9248
9953
10344
9247
9175
9116
14711
9233
12800
10123
10510
14249
14209
451
2769
13160
9079
3044
2404
7317
12351
9019
14131
14170
13935
9402
9666
8266
8802
13838
6505
7380
10660
9104
9176
5756
3668
4826
1970
9128
9200
8206
8142
6843
9056
8985
6578
14848
4095
15334
5972
5998
15108
5588
5686
6813
3600
11368
11861
9214
12663
9070
14674
4365
4597
776
9004
9318
9582
9006
6996
6963
14117
14156
8289
8825
7845
7957
3860
1011
6125
6161
6032
6074
1744
12298
14235
14195
6904
6874
10823
14991
7934
7820
1281
1511
10090
10478
7126
7086
6288
6248
5052
5325
12614
15019
3093
568
9080
15235
9152
2511
3474
9142
9009
8978
9224
7190
6402
11096
9194
11720
15231
15028
11097
9038
9253
12026
15032
2405
3043
8997
15259
9212
13936
5685
12801
13837
6812
6842
8271
8807
6754
5915
2768
9193
9050
9122
15106
3599
9109
9181
13159
6903
6873
450
11812
11258
6778
5755
3667
9115
6033
6075
7379
6504
7316
9068
9259
9187
8388
8338
8995
5999
5973
9140
11369
1743
4094
1280
1510
9121
5890
12461
9852
10243
1010
5324
5587
4825
15059
14132
2512
3473
15340
15117
6577
6247
8303
8838
5051
9049
3094
567
9407
7085
14250
14210
7125
6995
775
1969
6287
7191
6403
4596
4364
3859
14707
10610
8250
8786
6755
6779
5916
5891
11719
7781
9671
6962
6160
6124
15323
13158
12802
15256
15100
8983
449
2767
12297
13937
6872
7378
6503
8975
3042
2406
13836
7889
14171
14128
14167
9191
6000
10820
9065
9137
14246
14206
9017
10026
10418
9232
5974
9209
6841
5323
3598
12025
9822
10212
3858
1009
15036
14998
14703
15267
5754
3666
1968
7932
7818
5684
7315
6811
8207
8143
5050
15157
9198
11370
6756
6780
15240
15258
5917
5892
12613
9404
7192
6034
6404
14858
9047
1742
5586
9085
9229
9119
9160
9088
4824
10659
6902
4093
8993
12352
1279
1509
6246
6286
9668
7124
7084
3472
2513
6076
4363
4595
774
12664
6757
6781
9126
8311
8846
9054
5918
5893
6123
6159
6994
6961
11862
6576
11718
9157
3095
566
11148
9041
15238
11149
3041
2407
14943
15016
13938
2766
14978
12803
8270
8806
8339
8389
3597
5753
3665
5975
13157
13835
8977
9010
9216
15055
6122
6993
5683
448
10963
6810
12057
7314
6001
15041
15270
15244
6840
7377
10031
10423
7847
11371
9317
9581
6960
1741
4092
6502
7959
5585
4823
6077
6035
6871
6901
773
4362
4594
1008
14196
14157
14118
14236
8290
8826
6575
3096
565
5322
9072
1278
9239
9025
1508
6158
5049
9244
15114
15326
8990
2514
3471
9206
9167
9095
6285
6245
7083
7123
3857
1967
12164
15321
9144
10853
447
11717
15125
6405
7193
8999
5894
6782
14714
3040
2408
13156
6809
5919
6078
9100
12804
8273
8809
12353
7313
2765
10242
9851
7819
13939
9172
6574
7376
13834
15094
6758
7933
10662
6501
5920
6783
9134
9062
5682
6870
6900
3664
4822
1966
3596
5752
14859
6036
5048
1007
5976
6002
9221
3097
564
8979
8144
8208
11372
11863
12665
12612
6244
7082
6284
7122
14642
4593
5584
772
3470
2515
15033
9077
4091
3856
1277
1507
8837
8302
1740
6839
12296
6406
7194
5895
6759
10821
9149
9409
9673
4361
11095
9258
9186
11094
14208
14248
14169
14130
11716
5321
5681
9952
10343
6157
6121
6992
6959
9114
15294
15336
12024
3595
7887
7779
8785
8249
15210
14997
3039
2409
13940
13155
13833
12805
6003
14166
14127
2764
15090
10124
10511
6808
8973
15093
15345
7312
6899
6869
6079
6037
446
5977
7375
6500
5751
3663
11811
8390
8340
9219
9003
6760
6784
14205
14245
6407
7195
5921
5896
11373
9189
771
4090
11257
9147
9075
5320
6838
1739
12460
5583
3855
1965
6761
6785
6573
5922
5897
10479
10091
4592
5047
15056
4821
8845
8310
6283
6243
7121
7081
1506
1276
2516
3469
9406
9670
3098
563
4360
15327
15079
1006
6156
6120
6958
6991
14704
10609
11715
9045
15075
15295
8996
15268
445
2763
12806
2410
3038
9117
7311
13154
12295
13941
15073
13832
6572
6786
5923
5898
9211
7849
7961
10818
5750
3662
8808
8272
15042
15296
6080
6038
5680
6898
7821
7935
9139
6868
12023
3854
1005
8209
8145
6499
7374
14709
9018
5582
4820
9067
5978
6004
11374
8827
8291
14197
14158
14119
14237
6762
12666
15265
4359
4591
3594
562
3099
14860
1275
1505
10245
9854
5046
770
6837
6807
1964
1738
10661
7120
7080
4089
6282
6242
12354
9316
9580
9133
15232
15022
3468
2517
12611
14995
7196
6408
15214
11864
11714
9061
5319
6990
6957
8275
8811
6155
6119
2411
3037
11150
5679
11151
6005
13942
10416
10024
9027
5979
9205
3593
6039
6081
5924
5899
6763
5900
13831
13153
14261
6897
6867
2762
6787
6764
14143
7310
12807
7373
6498
8391
8341
444
9169
5749
3661
10964
12058
9097
6836
6806
15046
11375
1737
5045
5925
10211
9821
6571
14221
769
3467
2518
6788
1963
5581
5318
3853
14182
15118
8301
8836
6241
6118
6956
7079
6281
1504
1274
7119
15343
9030
9138
6154
6989
3100
561
4819
9241
9011
6409
9066
1004
4590
4088
4358
7197
12165
7776
7884
10854
15043
11713
15300
9153
14256
14138
9081
9411
9675
14721
7309
13152
12808
12355
2412
3036
443
2761
14216
14177
9210
13943
6570
10421
10029
13830
9225
8994
15251
5678
3592
6040
10664
15243
6805
6835
14992
8248
8784
6082
7823
7937
6896
6866
6497
7372
14121
14239
4818
1962
15045
15277
15038
5748
3660
14854
3852
4087
1003
8146
5317
5044
8210
11376
11865
5980
6006
6410
12610
14199
6765
7118
14718
8309
8844
5926
1736
5580
4589
7198
12294
3466
2519
6280
7078
5901
6240
6789
10819
9408
1503
1273
15082
9672
4357
15292
768
12667
560
6766
11093
9016
6988
6955
6117
6153
11092
11712
14160
9159
3101
5927
5902
9853
10244
3591
5677
3035
2413
6895
6865
15027
12022
9087
6041
6083
6007
5981
13944
8342
8392
15047
15304
13151
13829
12809
6790
15312
2760
7308
5747
3659
9252
442
7371
6496
5928
9231
15119
15337
8274
8810
8288
8828
11810
6804
7962
7850
6834
3102
559
11377
6569
767
5043
9180
11256
9037
4356
4588
15174
12459
1735
1272
1002
5579
3851
14945
6767
6116
6152
6987
6954
1502
4817
5316
4086
10608
15116
6239
7077
15008
8981
9124
9108
7199
7117
3465
2520
8277
8813
6279
9315
9579
14257
14217
14139
14178
14634
6791
2759
441
11711
1961
6411
10342
9951
3034
2414
5903
7307
14144
9196
10512
10125
13150
12810
15253
6568
6042
12293
13945
9052
13828
6084
14262
14222
5676
6833
6803
10816
7825
7938
3590
6495
7370
12021
3850
1001
6894
6864
5746
3658
5982
6008
14716
1960
8211
6792
5929
7076
8835
6238
15245
11378
10092
7116
14183
7200
12668
12609
6953
8147
6278
3464
2521
14861
6115
5315
4085
4355
1734
8300
14120
14238
4816
6412
14999
10663
12356
15009
6793
1271
1501
5930
6768
5904
6151
9413
9677
10480
4587
766
14198
14159
11152
11710
11866
5578
3103
6986
558
5675
3589
6769
5042
7885
7777
15105
11153
3033
2415
6893
6863
6832
6802
8783
8247
5983
6009
13946
6085
6043
5905
7306
13827
12811
2758
7369
6494
8394
8344
440
15272
9013
9083
13149
15311
5745
3657
9227
9155
15080
12059
15081
6413
8842
8307
6567
11379
1500
1270
15273
765
4084
7075
10965
14965
10247
9856
15224
3849
1959
5314
5577
7201
6277
6237
1733
4815
10855
2522
3463
9410
9674
5041
7115
6952
557
3104
4354
4586
14126
6794
1000
14244
12166
6150
6114
5906
5931
6770
11709
7305
14165
8812
8276
2416
3032
439
2757
14717
10414
10022
12812
15347
14204
15051
6985
6566
13148
12357
15290
6892
6862
13947
5674
6795
5907
5932
6771
13826
6086
6044
7848
7960
15005
7826
7939
5744
3656
6010
10666
6493
7368
10210
9820
4814
1958
6831
6801
14857
3848
4083
999
8212
8148
3588
6113
6149
5576
5984
11380
11867
12669
4353
4585
14680
6984
6951
5313
764
14263
6236
6276
7114
7074
1732
12292
15230
9314
9578
10817
1499
1269
14145
15285
3462
2523
14247
14207
12608
7202
6414
8824
8292
11708
11090
15061
3031
2417
556
3105
5673
6087
6045
3587
14129
14168
5040
6891
6861
6830
11091
5908
15160
6796
12020
5985
6011
15341
15195
7304
13948
5933
12813
13825
13147
2756
15074
7367
6492
8395
8345
14223
14184
8815
8279
438
6800
5743
3655
6772
11809
11255
15044
6565
10419
10027
14933
11381
5909
5934
763
5039
8834
8299
3461
2524
7073
1731
12458
15324
998
4584
4352
3847
6415
7113
6275
6235
14911
9417
9681
15004
4082
5312
5575
4813
1268
1498
7203
6983
6950
6797
6773
555
3106
7780
14677
10607
10246
9855
7303
11707
1957
15184
7888
14151
14190
6112
6148
8782
8246
15234
6564
3030
2418
14269
14230
6890
13146
12814
437
2755
6088
6046
5672
12291
13949
3586
7827
7940
13824
6491
7366
10814
15262
6860
6829
6799
8841
8306
14146
5986
6012
5742
3654
12019
3846
997
8213
14670
8149
1956
15206
554
3107
5311
5038
11382
7204
14264
14224
12607
15088
6798
6234
6274
14862
762
4351
4081
7072
14185
5935
7112
6774
1267
1497
4812
1730
10665
5910
3460
2525
9412
9676
12358
4583
6111
6147
5911
12670
6416
6949
6982
15049
5671
3585
11706
5574
11868
6751
10341
9950
3029
2419
15002
11154
6889
6859
8278
8814
11155
2754
8346
8396
7302
15017
13950
6089
6047
13823
436
15339
5741
3653
7365
6490
10513
10126
13145
7846
12815
6563
14123
14162
5887
5912
6775
6750
14241
14201
10966
12060
7958
11383
761
5037
8829
8293
4350
4582
3845
15185
14923
6273
6233
7205
6417
1955
5310
7111
7071
1729
15237
6146
6110
6948
6981
10093
10481
1266
1496
553
3108
6013
9313
9577
5573
4811
3459
2526
6014
996
4080
7301
6858
12167
3028
2420
11705
10856
15217
6015
6856
15063
6016
6855
6857
6562
14676
13144
435
2753
12816
5670
12359
13951
7828
7941
8817
8281
3584
6489
7364
10668
13822
6232
5740
3652
14125
8214
8150
4810
1954
6924
6917
6049
6057
14834
3844
4079
995
11384
14164
7206
6418
11869
7070
1728
14243
14203
12671
12606
3458
2527
8298
8833
1265
1495
10249
9858
14725
7110
5309
5572
6109
552
3109
12290
6272
10815
9419
9683
8781
8245
6980
6947
5669
4581
760
4349
3583
7782
11704
11088
6145
6918
6058
15102
2421
3027
5036
7890
11089
7300
12018
434
6925
6050
13952
15335
8397
8347
7363
6488
15161
2752
13821
13143
12817
15297
10412
10020
6561
10209
9819
5739
3651
7869
7973
6059
11808
11254
6108
6144
14944
11385
759
5035
7109
6271
7069
6231
6051
12457
1727
5571
3843
1953
4580
14914
6979
6946
1494
1264
4078
551
3110
3457
2528
9414
9678
6919
6926
4809
4348
7299
5308
8840
8305
7207
6419
994
15145
14722
10606
11703
3026
2422
6560
433
2751
12818
5668
13142
8816
8280
7829
7942
12289
13953
10025
10417
6487
7362
5738
3650
13820
7068
10812
3582
6270
6230
6927
6920
12017
3842
993
8215
8151
6052
6060
14723
5570
4808
11386
4347
4579
12672
7208
6420
14864
6107
6945
4077
758
8823
8287
550
3111
1952
1726
7108
10667
9312
9576
12360
1263
1493
2529
3456
2423
3025
5667
7894
6143
6978
5034
12605
3581
11702
5307
11870
2750
7787
7298
11156
11157
8818
8282
10248
9857
13954
8398
8348
7361
6486
12819
13819
13141
15103
6061
6053
6928
6921
15332
6559
432
5737
3649
15203
10967
12061
3112
549
11387
757
4076
6269
6229
6421
1262
2530
3455
7107
7067
1951
5569
5306
3841
15187
14946
14974
15186
8296
8832
1492
1725
3024
2424
4807
5033
7297
6142
6106
6977
6944
7209
992
4578
4346
12168
11701
10857
6558
9421
9685
9949
10340
6054
5666
14720
10127
10514
6929
3580
431
2749
6062
13140
12820
7831
7944
6922
12361
13955
8244
8780
6485
7360
13818
10670
5736
3648
8152
4806
1950
6930
6055
8216
14855
7066
3840
4075
991
7106
6268
6228
5032
5305
11388
11871
12604
5665
3579
7210
14715
1724
5568
4577
9418
9682
12288
6923
15202
2425
3023
10094
10482
6056
10813
1491
1261
3113
548
6422
6916
6048
15121
4345
756
12673
11087
11700
11086
7296
7012
2748
8349
8399
6141
7775
12016
7359
6484
13956
8267
8803
5735
3647
430
3454
2531
6557
13817
13139
6139
7011
7883
6140
7010
12821
11807
15162
8268
8804
6176
7022
6178
7021
11389
755
5031
4344
4576
11253
5567
1490
1260
9860
10251
1723
12456
1949
3839
15039
4805
2426
3022
7295
6175
7023
4074
10605
9575
6177
7020
6423
990
5304
3114
14727
6556
547
7211
8316
8852
11699
9311
8127
2532
3453
5664
15175
13138
7832
7945
8191
3578
10018
10410
12822
14972
6483
7358
12287
13957
7160
2747
6307
7157
13816
10810
5734
3646
429
12015
3838
989
14713
11390
6309
10208
9818
12674
12603
3452
2533
14865
6425
5303
4073
754
5566
6393
7212
3021
2427
7181
1722
4804
1948
10669
5663
12362
1259
1489
9423
9687
3577
3084
545
8779
8243
4575
4343
11158
11698
14934
11872
7294
6308
7731
7699
7159
5030
7749
8400
7682
6310
11159
7796
8351
7357
6482
7905
14958
7161
13958
6555
8794
8258
13815
13137
12823
15058
7214
7213
5733
3645
10415
10023
7750
8116
8180
12062
8239
8175
3078
428
539
11391
7732
6306
7155
2746
5302
5029
1721
6385
6391
10968
753
5565
3837
988
2428
7293
9420
9684
3020
3451
4803
1488
1258
4342
4574
1947
6554
4072
7156
6361
12169
11697
2534
10858
5662
6338
10250
9859
12824
14679
7833
7356
7393
7946
13136
3576
6481
3644
12363
6386
13959
540
3079
5732
14947
2745
427
10672
13814
7216
4802
1946
8819
8283
14863
4071
987
12675
5564
11392
1257
1487
8402
4341
4573
11873
1720
14675
8820
8284
15176
9574
8199
8135
3019
2429
5661
9310
3836
12286
10811
8172
8236
752
12602
10339
9948
11696
5301
6339
7707
11084
10128
7292
2535
3450
5028
3575
11085
7394
7683
7701
12014
8333
7355
6480
13960
13813
13135
14959
2214
12825
7217
7802
3080
10515
5731
3643
7911
3116
11806
11252
541
471
11393
2941
5300
5027
1719
10095
3449
2536
2430
3018
12455
1945
5563
7290
1256
1486
4070
6387
751
3574
7684
9689
986
4572
14719
10604
11695
8381
8187
7708
8123
12826
15220
7700
15226
542
3081
7695
3117
472
13961
12285
6340
13812
10808
3642
7395
15096
12013
985
7218
14729
8314
2213
11394
3606
2940
12676
6388
1485
1255
5299
4069
750
1718
1944
9862
10253
6341
12364
4571
9686
7396
3082
11694
11874
473
7842
6389
11160
7219
3118
13962
2939
13811
7913
2212
12827
12063
9817
11395
8133
1717
749
1943
1484
1254
3083
984
12170
14712
3119
6342
14975
12365
13963
2938
10021
11396
11875
1420
2148
10542
1421
3769
3770
10779
4736
10279
10335
13473
13067
13606
13747
12569
11193
4735
13515
11629
13066
5497
2147
10194
10502
685
13746
1653
4274
10705
2602
13627
10384
4734
9730
9552
8633
5496
9469
14807
2302
8717
684
8536
1652
3768
1419
4273
11628
9733
12397
2303
2603
12568
8715
2146
13476
11907
13562
11050
13065
10557
4272
13745
5495
10437
1651
9466
9287
9551
3767
2604
1418
13450
11627
683
4733
8534
14651
10382
2304
3237
3381
3238
13251
8451
8632
13064
2145
5232
12251
13744
12438
10777
3380
2605
11979
13344
1417
12567
11789
682
5494
3766
10061
1650
10560
13567
3236
2305
9471
11626
13226
10223
4271
9735
2144
4732
11235
11195
13475
8538
8719
13743
5231
10055
13063
12080
9468
9732
681
3765
2606
11908
5493
10450
4502
12895
4503
9918
1416
3379
1649
10986
5230
12710
11625
4731
10310
4270
12187
12398
2306
3235
13291
2143
8535
8716
14645
13062
13516
12896
12399
13742
4269
4501
10164
10707
13628
13403
13250
1874
1875
4730
9286
9550
11909
12566
12711
4957
10876
14775
1648
5492
5229
915
3764
1415
12250
3378
2607
11624
13607
680
11464
9832
4956
10446
3234
2307
13382
8631
8450
11048
11978
14031
14032
1185
2142
3999
13741
13061
12897
3377
2608
2869
10174
11234
11788
11465
1414
10309
679
3763
11049
13478
4500
4955
1184
10048
12437
1647
5491
914
10046
10067
10776
10451
3233
2308
11623
9473
9737
1873
4729
13253
5228
4268
3998
14760
10586
2141
2868
12898
10113
13060
8540
8721
14033
12249
13740
10775
13337
13560
4728
11977
913
3997
14777
14891
11466
1872
9734
9470
13225
5490
13449
14815
10171
12712
5227
1646
4267
1183
1413
4954
2609
3762
4499
12400
11196
11622
2309
678
12565
3376
11910
10708
8537
8718
3232
2867
11197
9803
10193
14034
2140
12899
13739
13059
4266
4498
10552
9994
5489
5226
13342
10987
12081
11467
10386
1182
9285
9549
677
3761
3996
912
3375
1645
10278
1412
2610
13565
4727
11621
4953
9887
1871
12188
10877
2866
2139
3231
2310
14660
8449
8630
13058
12900
13477
12401
14035
13252
13738
10709
3374
2611
1870
4952
11468
911
4726
3995
5225
12564
11911
14647
14886
1411
676
5488
4497
1644
9928
1181
3760
12248
11047
3230
2311
11620
9475
9739
4265
12713
13517
10528
13292
2865
11046
2138
11976
10774
8542
8723
14036
10141
13404
13737
13057
13629
12901
11233
11787
11469
9472
9736
10319
5487
1643
3759
12436
1869
5224
3994
4725
1180
1410
10106
4496
11619
10494
675
3373
2612
13383
13608
910
4264
4951
14646
10585
8539
8720
13056
2864
2312
3229
12902
14037
2137
12247
13736
4263
4495
10773
4950
11975
909
3993
14648
14896
11470
12563
5223
9548
9284
1179
1409
3228
1642
4724
10281
5486
2313
3372
2613
9890
13480
13255
1868
3758
11618
12402
11198
674
12714
11912
10710
2136
2863
8448
8629
11199
14038
9988
10379
12903
13055
13735
9802
10192
13335
13558
3371
2614
10988
12082
11471
1641
5485
3757
673
908
5222
3992
4723
1178
1408
3227
2314
4949
11617
9477
9741
4494
4262
1867
12189
10878
13448
13224
2862
13054
14778
12904
8544
8725
12403
14039
2135
13734
10711
1866
4948
9991
10383
11472
9474
9738
4722
12562
13340
13563
5221
14806
11913
3370
2615
1407
1177
14895
14771
4493
5484
1640
9889
10280
907
3991
3756
12246
11045
11616
4261
672
12715
11044
2134
2861
8541
8722
10772
11974
2315
3226
14040
13479
13254
12905
13053
4260
4492
13733
5483
5220
11786
11473
1639
9283
9547
3755
11232
1406
1176
10330
9939
12435
1865
3990
2616
3369
4721
4947
10584
11615
671
2133
2860
906
14779
2316
3225
13293
13518
13052
8447
8628
12906
14041
12245
13405
13630
10529
10142
13732
10771
3368
2617
11474
11973
905
3989
14894
14770
1864
4946
1638
12561
12716
4491
5482
4720
1405
1175
2317
3224
3754
10107
10495
11614
11200
12404
9479
9743
13609
13384
670
4259
10712
11914
2859
11201
5219
8546
8727
14042
2132
13731
13051
12907
11475
10989
12083
9476
9740
1174
669
3753
1404
5218
10283
9892
2318
3223
5481
3988
2618
3367
1637
904
13482
4490
13257
4258
4719
11613
4945
1863
12190
10879
8543
8724
2858
2131
14776
12908
13050
14043
12405
10377
9986
4257
4489
13730
10191
9801
13556
13333
10713
1862
4944
11476
903
4718
5480
1636
9282
9546
11915
12717
14897
14652
5217
1173
1403
3987
3752
12244
11043
3366
2619
11612
668
12560
2319
3222
13447
13223
2857
8446
8627
11042
10770
11972
2130
14044
12909
13049
13729
3365
2620
11477
10381
9990
11785
11231
13561
13338
1635
3751
1402
12434
902
3986
5479
4488
10282
9891
1172
3221
2320
11611
4943
4717
9481
9745
667
4256
5216
14766
10583
1861
2129
2856
13481
13256
13048
12910
8548
8729
14045
12243
13728
10769
11478
5215
11971
901
3985
9478
9742
14893
14782
4942
14811
14814
12559
1401
1171
5478
4716
666
2621
3364
1634
1860
10320
9929
11610
3750
4255
4487
11202
12406
2128
2855
12718
2321
3220
10714
11916
13519
13294
8545
8726
11203
14046
13631
13406
10530
10143
13727
13047
12911
4254
4486
11479
5477
5214
10990
12084
9281
9545
1633
3749
665
4941
900
1170
1400
4715
3363
2622
10496
10108
11609
13610
13385
3984
12191
1859
10880
3219
2322
2854
8445
8626
14781
2127
13046
12912
14047
12407
13726
10715
11480
3362
2623
1858
4940
3983
4714
1399
1169
11917
12719
12558
14887
14780
2323
3218
5213
664
5476
1632
13484
13259
10285
9894
899
3748
12242
11041
11608
9483
9747
4485
4253
2126
2853
11040
10768
11970
8551
8732
14048
10375
9984
13725
13045
13554
13331
10190
9800
11481
12913
11784
9480
9744
663
3747
11230
5212
3982
1631
12433
5475
898
1398
1168
11607
10582
4713
2624
3361
4939
13222
4252
4484
14661
1857
2324
3217
8547
8728
13446
2852
12914
13044
2125
14049
12241
13724
4251
4483
10767
11482
11969
897
3981
10380
9989
1856
4938
13336
13559
5474
4712
9280
9544
2625
3360
12720
1397
14787
14898
662
3746
5211
1630
10284
9893
1167
11918
10716
11606
12557
11205
2124
2851
3216
2325
13483
8444
8625
11204
12408
14050
13258
12915
13043
13723
11483
3359
2626
12085
1629
10991
1396
1166
9930
661
3980
5473
4482
3745
896
3215
2326
10321
11605
4711
10881
9485
9749
2123
2850
4250
5210
4937
1855
12192
13520
13295
14659
13042
12916
8553
8734
14051
12409
13632
13407
10531
10144
13722
10717
11484
4936
1854
9482
9746
4710
5209
14810
11919
12556
660
5472
4481
1628
1395
3744
3979
895
1165
10766
11968
11604
10466
10078
4249
2627
3358
13611
13386
12721
11038
8550
8731
2849
2327
3214
2122
14052
13041
12917
4248
4480
13721
11039
12240
11485
5471
5208
11783
1394
9279
9543
659
1164
11127
10287
9896
2328
3213
1627
12329
1853
3978
3743
2628
3357
13486
4709
13261
11603
10581
894
4935
14783
2848
2121
8443
8624
13040
12918
14053
12222
10373
9982
13720
13329
13552
10189
9799
10748
11486
3356
2629
11950
4934
893
12722
12555
4479
658
4247
4708
1626
1393
1163
1852
3212
2329
11602
3742
3977
9487
9751
10718
11920
11282
5207
13445
13221
2847
5470
2120
8555
8736
14054
13039
12919
13719
12473
11270
9987
10378
11487
11945
9748
9484
13334
13557
10992
657
4707
2630
3355
1392
892
5206
5469
3976
1625
10286
9895
10743
1162
11601
4933
4246
3741
4478
2119
1851
2846
12193
8552
8733
13485
12920
2330
3211
13038
12322
14055
13260
10633
4245
4477
13718
11835
11488
11120
1850
4932
5468
4706
9278
9542
1391
1161
12723
9931
2631
3354
656
3740
5205
1624
10322
11600
12102
10899
891
3975
2118
2845
2331
3210
12554
13296
13521
8442
8623
14056
13623
13398
10532
10145
12921
13037
13717
11293
12494
3353
2632
11294
12495
10580
12492
11489
1623
11290
3739
1849
4931
5204
5467
1160
1390
12142
10939
3209
2332
11599
10467
10079
9489
9753
655
13612
13387
11782
890
4476
4705
3974
4244
2844
13036
12922
2117
8557
8738
14057
10896
13716
10739
11941
11490
9486
9750
12499
11298
12099
1159
5203
4930
14805
14813
889
1389
12553
3208
2333
654
4704
5466
2633
3352
1622
10289
9898
13488
13263
11315
11598
12518
4243
4475
3973
1848
3738
12724
11011
12212
8554
8735
2116
2843
14058
11316
12519
10371
9980
13035
4242
4474
13550
13327
13715
10188
9798
11491
12116
11003
12923
5465
5202
12204
10913
12105
10902
1621
9277
9541
3737
4929
1847
1158
1388
3351
2634
4703
11597
888
653
3972
2334
3207
13444
13220
2115
10908
12111
11831
2842
8441
8622
13034
12320
11118
12924
10629
14059
13714
11273
11492
3350
2635
11314
12516
11288
12490
10376
9985
4928
1846
13555
13332
12509
11308
12477
652
3736
12725
12552
4473
5464
1620
10288
9897
1387
3971
887
1157
3206
2335
11596
4702
9491
9755
4241
2114
2841
10626
11828
12139
10936
10548
10160
12129
10926
5201
8560
8741
14060
13033
13713
13487
13262
9364
9628
12925
11493
12512
11310
12147
10566
11768
10927
14808
14804
1619
9488
9752
12130
1386
1156
5200
4927
2636
3349
5463
886
4701
4472
10323
9932
11595
10946
4240
12508
8674
8493
2840
2336
3205
651
3735
3970
1845
12211
11010
10948
12149
13522
13297
11307
2113
12926
13032
10533
10146
11770
10568
14061
13633
13408
12503
11302
4239
4471
13712
11494
8556
8737
11943
10741
5462
5199
11827
10625
4700
1618
9276
9540
12514
11312
12726
3969
3734
885
1385
1155
3348
2637
13613
13388
11594
10497
10109
650
1844
4926
12551
12482
11278
11832
10630
3204
2337
2839
12118
10915
2112
11942
10740
14062
8440
8621
12128
11305
13031
12101
10898
12213
11012
13711
12486
11284
3347
2638
10925
11495
12927
12207
11006
1154
12506
1843
3968
1384
2338
3203
3733
649
4238
4470
13265
1617
10291
9900
12138
10935
13490
11593
4925
5461
9757
9493
884
4699
5198
12205
11004
2838
2111
14630
14798
12501
11300
12121
10918
11825
10623
12215
11013
13030
12928
1076
4160
8743
8562
14063
12122
10919
1068
4152
10369
9978
1080
4164
13325
13548
13710
9797
10187
11295
12496
9365
9629
12206
11005
11496
1079
4163
4924
1071
4155
1072
4156
12500
11299
12114
10911
5197
14819
12117
10914
1842
9490
9754
12550
648
5460
3732
4469
1616
1383
12125
10921
1153
11592
1073
4165
1078
4154
4162
4237
8494
8675
2639
3346
4157
883
3967
12511
11309
1081
1070
12120
10917
4698
12727
12140
10937
2339
3202
13443
13219
2837
12480
11277
12489
11287
11297
12498
1069
4153
2110
4158
1074
14064
1077
4161
4166
1082
12929
4236
4468
13709
12108
10905
12141
10938
11497
8559
8740
13029
12515
11313
12478
11274
5459
5196
11829
10627
10374
9983
10910
12113
1075
4159
1067
4151
13553
13330
12136
10933
9275
9539
2640
3345
11946
10744
3966
647
3731
1615
882
1382
10632
11834
1152
4697
11591
4923
12324
11122
2109
2836
1841
12150
10290
9899
3201
2340
10949
10549
10161
12210
11009
13028
12930
14065
8439
8620
12097
10894
11280
12483
13708
13489
13264
3344
2641
10920
12123
12148
10947
12126
10922
12507
11306
11498
1840
4922
1614
1151
1381
12728
12549
5195
5458
4696
2341
3200
11590
9933
10324
11769
10567
9495
9759
12131
10928
2108
881
4467
3965
4235
646
3730
11015
12217
13523
13298
2835
10534
10147
11289
8564
8745
14066
12491
13634
13409
10628
11830
13027
12931
13707
9630
8495
12134
10931
11499
9366
10907
1613
3964
4695
3729
12132
10929
5457
1839
5194
8676
1380
1150
12110
13614
13389
4921
11589
10498
10110
2642
3343
645
880
4234
4466
12098
10895
9492
9756
2107
2834
12497
2342
3199
11272
12476
12932
11296
13026
14067
8561
8742
12502
11301
5456
5193
13706
12137
10934
10950
11500
12151
1379
1149
4694
879
4920
2343
3198
12729
2643
3342
3728
644
4233
4465
13267
1612
10293
9902
12112
13492
3963
10909
11588
8438
8619
10569
1838
11771
12548
9274
9538
2106
2833
12109
10906
14068
10367
9976
13546
13323
12933
13024
13705
9796
10186
3341
2644
10624
11826
878
11501
643
11303
3727
3962
12504
4464
4919
4232
1611
10942
1148
1378
11279
11007
12208
3197
2344
11587
12144
4693
9497
9761
12481
5455
5192
1837
13442
13218
2105
2832
11833
13025
12934
8566
8747
14069
13704
10631
11502
5191
9981
10372
9758
9494
13551
13328
12145
12547
4918
5454
3726
2645
3340
1377
12214
12103
10900
642
1836
3961
10943
1610
1147
11586
4231
2104
4692
2831
877
4463
12730
11304
8744
8563
9901
10292
13491
2345
3196
13023
13266
14070
12935
11836
4230
4462
13703
10634
12517
11503
11275
876
3960
12323
13022
9273
9537
1835
4917
1376
1146
9940
2646
3339
641
3725
5453
5190
11121
1609
11585
4691
10331
2103
2830
2346
3195
13524
13299
12135
8437
8618
13021
10932
12936
14071
13635
13410
10535
10148
10745
11947
13702
3338
2647
11504
12474
640
4690
12731
10993
1608
12546
1834
5189
3959
5452
12194
1375
1145
3194
2347
11584
10499
10111
13615
13390
9499
9763
3724
875
4461
4229
4916
2829
11319
2102
8568
8749
14072
13020
13701
12937
10579
11505
11944
11781
4915
9496
9760
1833
10742
1374
14803
1607
1144
5188
2348
3193
4689
2648
3337
13494
5451
10297
9906
11037
13269
3958
874
11583
639
12239
4228
10944
12146
3723
4460
2101
2828
8565
8746
12505
12938
11036
13019
14073
10365
9974
13544
13321
4227
4459
10185
9795
13700
11506
5450
12732
4688
9272
9536
1832
4914
1606
638
3722
5187
1143
1373
3336
2649
11582
11229
12432
873
12104
10901
3957
12545
3192
2349
13441
13217
2827
8436
8617
10719
2100
11921
14074
12939
13018
13699
3335
2650
11507
10370
9979
13549
13326
3721
5186
1372
4687
12238
1831
5449
637
4913
1605
3956
872
1142
3191
2350
11581
12086
10882
9501
9765
2099
2826
4458
4226
11207
10295
11206
13493
13268
12410
12940
9904
13017
8570
8751
14075
13698
11508
9498
9762
1830
5448
4686
11922
12733
1371
1141
636
2651
3334
3720
5185
3955
10720
1604
4912
11580
12195
10325
9934
871
2098
2825
10994
2351
3190
4225
4457
12544
13525
13300
8567
8748
10765
11967
14076
13636
13411
10536
10149
12941
13016
4224
4456
13697
11509
12411
3719
9271
9535
635
4685
1829
4911
5184
5447
1603
3954
870
1140
1370
3333
2652
11780
10578
11579
10468
10080
13616
13391
11034
3189
2352
2097
2824
11035
12237
8435
8616
13015
12942
14077
13696
11510
3332
2653
5183
4910
11966
1828
1369
1139
5446
4684
1602
2353
3188
10764
9908
13496
13271
3718
10299
12431
11578
9503
9767
869
634
11228
4223
4455
3953
12734
2096
2823
12543
11923
10721
8572
8753
14078
10363
9972
13542
13319
13014
12943
10184
9794
13695
11511
9500
9764
12236
3717
633
4909
5182
5445
1138
1827
1601
868
3952
1368
12087
10883
11577
2654
3331
4683
11209
4222
4454
2354
3187
8569
8750
13440
13216
2095
2822
12412
11208
12944
14079
13013
4221
4453
13694
10368
9977
11512
13547
13324
11924
1600
9270
9534
2655
3330
1137
5444
4682
10722
12735
867
3951
5181
1826
4908
1367
12196
11576
632
2821
10995
2094
3716
12542
10298
3186
2355
13495
13270
11965
10763
8434
8615
9907
14080
13693
3329
2656
12945
13012
11513
12413
3715
631
4681
1366
1136
4452
4907
1825
5443
1599
866
3950
3185
2356
11779
10577
11575
10326
9935
9505
9769
2820
11032
5180
13526
13301
4220
2093
12235
11033
12946
13011
8574
8755
14081
10537
13637
13412
10150
13692
11514
9502
9766
11964
1824
1598
10762
12541
12736
5442
4680
4451
3949
4906
1365
1135
12430
11574
10469
10081
13617
13392
2657
3328
5179
630
11227
3714
4219
865
8571
8752
2819
11925
10723
2357
3184
2092
14082
13010
4218
4450
13691
12947
11515
12234
3713
9269
9533
1364
1134
629
4679
2358
3183
10301
2658
3327
13274
1823
4905
5441
5178
9910
1597
864
3948
13499
12088
10884
11573
11211
2091
2818
12414
11210
8614
8433
13009
12948
14083
10361
9970
13540
13317
10183
9793
13690
3326
2659
11516
5177
4904
11926
1596
10724
12540
4217
3712
863
1363
1822
1133
3182
2359
12197
11572
9507
9771
13439
628
10996
4449
3947
12737
13215
2090
2817
11963
10761
4678
5440
8576
8757
14084
12949
13689
11517
13008
10366
9975
13322
13545
9504
9768
12415
3946
3711
14802
1595
2660
3325
1132
4677
5176
5439
1821
862
1362
11571
11778
10576
4448
4216
2816
11030
2089
627
4903
8754
8573
13272
12233
11031
10300
9909
2360
3181
13497
12950
13007
14085
4215
4447
13688
5438
11518
11962
4676
9268
9532
1361
1131
626
10760
10327
3324
2661
12738
861
3945
3710
5175
1594
1820
4902
11570
12429
9936
2088
2815
11226
2361
3180
13527
13302
12539
11927
10725
8432
8613
14086
13413
13638
10538
10151
12951
13006
13687
3323
2662
11519
12232
3944
3709
1593
4675
5437
1819
4446
860
1360
1130
3179
2362
11569
12089
10885
10470
10082
5174
4901
13618
13393
9509
9773
2814
11213
625
4214
2087
12416
11212
12952
13005
8578
8759
14087
13686
11520
9770
9506
11928
1359
1129
14818
14812
2363
3178
10726
624
10303
12538
12739
13502
2663
3322
5436
3708
5173
3943
9912
859
1592
1818
4900
13277
11568
12198
4445
4213
10997
2086
2813
8575
8756
4674
11961
10759
14088
10359
9968
13538
13315
10182
9792
4212
4444
13685
11521
13004
12953
5435
5172
12417
3707
3942
9531
9267
623
1128
1817
1591
858
1358
3321
2664
11567
11777
10575
4673
13438
11028
2364
3177
4899
13214
2085
2812
12231
11029
8431
8612
13003
12954
14089
13684
3320
2665
10364
9973
13543
13320
11522
11960
1816
4898
5171
1590
1357
1127
10758
12537
5434
3706
4443
3941
3176
2365
11566
12428
9511
9775
2084
2811
622
11225
4211
857
12740
9911
10302
13275
11929
10727
4672
13500
8580
8761
14090
12955
13683
11523
13002
9508
9772
12230
3705
1126
1356
10332
621
2666
3319
5170
5433
4897
1815
1589
856
3940
11565
12090
10886
9941
2810
4442
4210
4671
2366
3175
11215
13303
13528
8577
8758
2083
12418
11214
12956
13001
14091
10539
13639
13414
10152
4209
4441
13682
4670
11524
11930
5432
9530
9266
10728
620
12741
855
3939
5169
1588
1814
4896
1125
1355
3318
2667
11564
12199
10500
10112
13619
13394
2809
10998
3704
3174
2367
12536
11959
10757
8430
8611
2082
14092
13000
13681
11525
3317
2668
12957
12419
3938
1124
3703
1587
1354
2368
3173
4669
10305
9914
5431
5168
1813
13279
13504
854
11563
11776
10574
4440
9513
9777
11026
2081
2808
619
4208
4895
12229
11027
12958
8582
8763
14093
10357
9966
12999
13536
13313
10181
9791
13680
11526
9510
9774
11958
5167
4894
1586
5430
4668
10756
1353
1123
4207
3702
853
4439
3937
1812
11562
12427
2669
3316
618
11224
2369
3172
12742
13437
13213
8579
8760
12535
2807
11931
10729
2080
14094
12959
12998
4206
4438
13679
10362
9971
5166
13541
13318
11527
12228
3701
3936
2670
3315
9265
9529
1352
1122
617
1811
5429
1585
852
11561
12091
10887
2079
2806
4667
11217
4893
3171
2370
10304
9913
12420
11216
8429
8610
13503
13278
12960
12997
14095
13678
3314
2671
5428
11528
11932
4892
4666
1584
1351
1121
10328
9937
10730
12743
851
4437
3700
1810
3170
2371
11560
12200
9515
9779
616
10999
13304
13529
3935
4205
12534
2805
2078
11957
10755
5165
8584
8765
14096
10503
10116
13415
13640
12961
13677
11529
12996
9512
9776
12421
3934
3699
14809
615
4665
5164
5427
1583
1809
1350
850
1120
11559
10471
10083
11775
10573
13395
13620
4436
2672
3313
4204
11024
4891
8581
8762
2804
12227
11025
2372
3169
2077
12962
12995
14097
4203
4435
13676
11530
5426
11956
1808
4890
1119
4664
9264
9528
1349
3168
2373
614
10754
10307
12744
2673
3312
9916
3698
5163
1582
13506
13281
11558
12426
849
11223
2076
2803
3933
12533
11933
10731
8428
8609
14098
10356
9965
13535
13312
10180
9790
12994
13675
11531
3311
2674
12963
12226
3697
613
4663
5425
5162
4889
1581
1807
1348
848
3932
1118
3167
2374
11557
12092
10888
4434
9517
9781
11219
4202
13436
13212
2802
12422
11218
2075
12993
12964
8767
8586
14099
13674
11532
10360
9969
13539
13316
9514
9778
11934
5161
4888
2675
3310
1347
1117
10732
612
12532
4201
4662
4433
3931
847
1580
1806
11556
12201
2074
2801
11000
3696
12745
5424
8583
8764
11955
10753
13280
2375
3166
10306
9915
14100
13505
12992
4200
4432
13673
12965
5423
5160
11533
12423
3695
1579
9527
9263
1346
1116
2676
3309
10333
1805
4887
846
3930
11555
11774
10572
4661
2800
2073
2376
3165
9942
11022
611
13530
13305
12225
11023
8608
8427
12991
12966
14101
13641
13416
10540
10153
13672
3308
2677
11534
11954
610
10752
12531
12746
845
4431
3929
5422
4660
1578
1115
1345
1804
4886
3164
2377
11554
12425
2072
2799
9519
9783
11222
4199
3694
11935
10733
5159
8769
8588
14102
10045
10438
13578
13356
12990
13671
11535
12967
9516
9780
12223
3693
1344
1114
2678
609
4430
4885
4198
1803
1577
844
3928
11553
12093
10889
10308
9917
13282
13507
3163
2378
2071
2798
3307
4659
11221
5158
5421
8585
8766
11220
12424
12968
12989
14103
4197
4429
13670
11536
5420
4658
13435
13211
11936
1576
3306
9262
9526
2679
9789
10734
10179
12747
3162
1343
1113
3927
5157
843
2070
2797
4884
1802
11552
12202
608
11001
3692
12530
2379
10751
11953
8426
8607
9964
10355
14104
13534
13311
12988
13669
11537
3305
2680
12969
10358
9967
12330
13537
3926
3691
607
5156
13314
4196
1575
1801
1112
1342
3161
2380
11551
842
11773
10571
4428
5419
4657
9521
9785
2796
4883
11020
11021
12224
2069
12970
12987
8590
8771
14105
10163
10551
13668
13648
13426
11538
10749
9518
9782
13425
11951
10550
10162
13647
4882
14817
14800
1574
3304
1341
1111
2681
2068
2795
12529
12748
5418
3690
5155
1800
11550
841
12327
4195
4427
3160
2381
606
11124
4656
3925
8587
8768
10072
10460
13599
13374
11937
10735
14106
10074
10462
12986
4194
4426
13667
13600
13375
12971
5417
5154
12221
840
3924
1573
9261
9525
13508
1799
4655
2794
9920
3689
10747
1110
1340
2682
3303
11549
11949
605
4881
2067
12485
11283
3159
2382
10311
13283
11539
8606
8425
12985
11269
12972
9903
10296
14107
13666
3302
2683
10294
13273
5153
4880
13276
13501
11839
839
1109
1339
9905
1572
3923
12528
4193
4654
3158
2383
11548
12203
10637
13498
1798
2793
2066
11002
9786
9522
604
3688
4425
12749
11948
10746
5416
8772
8591
14108
13210
13434
12472
12984
13665
12973
9520
9784
14821
1571
1797
10178
3687
1108
9788
3301
5152
4879
838
5415
1338
11119
11547
11540
12321
2684
2065
10570
11772
3157
4192
4653
2792
603
4424
3922
8589
8770
2384
11291
10172
12974
12983
10155
10558
13430
12510
10543
4191
4423
13664
12143
10559
10561
13421
10940
13655
5414
14109
13646
1796
4878
9260
9524
5151
4652
1570
13429
13654
10173
1107
1337
3300
2685
11546
602
13431
13657
11276
12479
2791
10635
11837
3921
837
10175
12750
3686
12527
10636
3156
2385
11838
8424
8605
2064
14110
9962
12975
12982
13663
3299
2686
3685
1569
10053
601
13358
10444
13582
1336
1106
11541
5413
5150
11281
12484
1795
3920
3155
2386
11545
10893
12096
9336
9600
4651
4190
4422
2063
2790
836
4877
13531
11014
12216
9961
13308
12981
12976
13369
14111
13662
10459
13596
9334
9598
13642
10071
4876
10904
12107
10352
8482
8663
1568
3684
12106
5149
1335
3298
1794
12526
2789
4189
11544
600
4650
14824
10903
3154
11008
8654
8472
13417
1105
2687
10461
2387
4421
12751
3919
835
13366
10073
2062
10912
12115
5412
12209
14112
10066
10455
13593
12977
12979
13660
11311
1793
3918
11542
4875
1567
2688
3297
1334
1104
12513
5411
5148
3683
11543
834
3153
2388
4420
4188
4649
14627
14790
2061
2788
599
831
3915
3912
3284
3283
828
12980
1091
4184
12978
5383
5105
2259
3291
3285
2247
2255
3295
2251
3281
1089
4181
3916
13661
14113
2261
3289
3296
2245
5103
5385
5107
2257
2258
2248
2249
5382
2254
5374
5410
1085
4178
4416
832
5102
3293
5104
5384
5381
5406
5376
5408
5106
1087
4180
5101
3909
597
4415
4176
1083
1333
1566
830
829
3914
4182
1084
1101
1562
2260
3290
2246
3286
2252
3280
3288
827
1086
3911
4179
5378
3287
826
3910
2253
3292
4417
4177
4187
3681
1565
825
1561
3152
5375
5409
1090
1088
4183
5377
5407
2256
3294
2250
3282
3913
2244
4418
1560
4414
1102
6553
10483
3835
6582
4801
4340
7354
7287
6552
9425
6479
5660
8789
8253
13134
14924
15274
5730
3834
7910
5692
7801
8850
4800
14866
12601
4339
2431
3017
10671
6585
9422
543
7289
8843
8308
5562
2537
3448
10408
10016
8327
5026
11161
8830
7353
3641
6478
5729
15308
13133
14949
10969
8197
4338
4570
8378
5025
5691
3605
6584
7288
8294
5561
5298
3833
10207
2432
3016
4799
7220
15298
4068
5690
3604
11693
6477
10859
8790
8254
9309
9573
3447
2538
7397
15152
6586
7286
7886
474
7778
12828
13132
7352
6583
7282
13810
8407
10674
5728
3640
15225
8355
544
2211
4798
1942
6390
5694
3608
14832
3832
4067
983
5297
5024
10413
15150
3015
2433
14734
12600
4569
748
5560
14981
1716
12284
3446
2539
7803
1253
1483
10809
3077
538
9427
7285
9861
10252
7398
9691
7221
4337
12677
14984
6384
11692
3120
6614
6343
11082
475
6383
8196
8132
7351
8401
11083
7215
12012
8320
8285
8821
7810
13964
6476
2937
7922
12829
13809
13131
8409
3607
5727
3639
2210
5693
11805
11251
7814
7284
7899
8350
14948
11397
6613
747
5023
9424
1715
12454
3076
537
1941
4568
4336
3831
1482
1252
7789
7927
15057
3014
2398
7399
5559
4066
4797
9688
6381
6382
15314
15151
982
5296
11691
14678
10603
10338
9947
476
3121
6475
6612
7223
3445
2540
6344
13130
12830
3638
7222
5726
13965
12283
8359
7283
2936
8230
13808
7350
8370
10516
10129
7865
10806
3074
535
2209
8166
12011
3830
981
3050
2396
14673
2689
15076
7870
11398
3530
7926
4335
4567
15130
12678
7225
8262
8798
7281
14869
12599
746
4065
9572
7805
9308
8369
1714
4796
1940
8332
10673
3122
6591
1481
1251
7760
6380
14899
12366
7224
10096
10484
14915
477
6345
8114
5295
7791
11690
11162
5558
7915
6378
11876
7400
7859
7898
3444
2541
7326
8178
6588
5022
7279
8330
15320
11163
2690
14950
7860
13966
2935
536
13807
12831
6379
3075
6446
5725
3637
7227
2208
15128
3052
6589
3529
13129
7280
8160
8224
15072
12064
2397
11399
12525
8376
14784
12524
1480
1250
1713
5021
15140
7764
10970
15104
745
3829
5557
980
4566
15301
2542
15241
5294
3443
7948
8791
8255
7924
7228
4795
9429
6587
14786
7904
6377
1939
8118
8182
9864
10255
7740
8242
8778
7277
7741
6590
8352
7758
7882
7278
4334
4064
7753
7759
11689
12171
2395
3051
7737
10860
7752
14953
7751
7738
15011
7813
9693
6346
7401
15087
7694
8319
7795
7706
6472
15252
14730
6447
3123
478
7430
7739
12832
7349
7774
7226
13128
7754
10406
12367
7874
534
13967
3073
2934
3636
10014
3053
7755
15135
14903
7229
6376
7230
7735
6593
7425
15012
2389
5724
533
6375
10676
7736
7757
13806
3072
2207
7693
6374
8379
7705
8853
4794
1938
7767
7733
7734
14868
3828
4063
8317
7692
5650
10206
5556
11400
7704
15146
11877
1712
6372
7756
12679
9816
3610
8848
14738
9690
4565
4333
8313
7428
479
8259
8796
5649
7232
8125
3124
1479
1249
979
12282
6471
526
7402
10807
3609
9426
6594
6347
7231
3065
7431
8318
15322
744
12598
3442
2543
8189
11688
5293
6448
11080
8368
7348
7800
6364
5020
5721
11081
7788
6592
7424
12010
15177
2390
3059
3634
6470
13968
2933
15024
8265
8801
7429
13805
13127
7896
3066
8328
2206
7909
6596
7426
5652
12833
11804
11250
3612
10411
10019
527
11401
4332
4564
743
5019
15007
1711
12453
5555
5292
4793
978
3441
2544
15208
9571
6366
7234
7347
4062
1478
1248
7452
6597
7276
9307
8384
3827
11687
14732
10602
8263
8799
3058
2391
5651
1937
6449
6473
7270
480
3125
10254
9863
15023
7403
6348
3611
13126
12834
3635
5722
6595
13969
12281
2932
8360
13804
2205
10804
15163
3616
12009
5703
3826
977
7235
7432
6426
8195
8131
14736
1936
3615
5655
5291
5018
11402
14960
6611
528
3067
7346
12597
481
3126
6367
14870
742
5554
4563
4061
1247
1477
7275
1710
8380
4792
10675
7404
6349
3440
2545
9695
9431
12368
3057
2392
6450
4331
12680
11686
3633
11164
5720
11878
15191
7908
10337
9946
8329
7838
11165
7799
7953
13970
2931
12835
13803
13125
3068
8367
529
10517
10130
6445
2204
12065
15178
6368
11403
3056
2393
7433
5654
3614
10097
10485
1709
5017
10971
7405
6350
9692
741
1935
5553
5290
3825
6610
15313
482
3127
6451
7236
4791
1246
1476
7274
4562
4330
9428
15062
7345
976
4060
11685
12172
10861
3439
2546
3632
14726
13124
8256
8792
12836
5719
12369
13971
2930
2203
7721
7434
13802
6444
10678
7344
7717
14966
3069
7237
8130
8194
4790
1934
8385
530
14825
3824
4059
975
483
7702
7698
7906
6452
4329
4561
14789
11404
3631
3128
7273
7839
7797
14988
11879
6609
6369
1475
1245
12596
12681
8335
14737
5552
6351
7406
9570
740
10257
9866
9306
5653
1708
3055
12280
2394
10805
3613
3438
8849
13652
8371
5718
5289
11684
531
3070
2547
11078
6443
7238
5016
8321
11079
7716
7952
12008
7720
8297
13972
2929
10404
10012
13801
13123
15193
2202
6608
12837
7435
8383
8334
6370
15190
11249
11803
507
3054
11405
739
4058
9815
10205
5288
5551
1707
12452
7272
3823
974
7343
3437
1244
6453
2548
1474
3129
484
8795
5015
6352
4328
4560
4789
9697
9433
11683
14925
14728
10601
7239
7407
8200
3630
7921
5717
1933
13422
7691
7715
12838
7436
13122
3071
14935
7342
2201
13973
2928
12279
8136
7686
6607
7835
13800
15164
7271
3061
10802
10409
532
8325
8375
14961
6442
14905
12007
3822
973
7798
3629
5716
8261
522
14740
6371
5550
4788
11406
15131
8358
8408
10017
6353
9430
6454
12682
9694
14871
4559
4057
738
4327
508
3528
7408
1706
1932
3130
5287
2549
10677
1243
1473
7690
12370
523
485
3436
3062
7703
13595
11682
5014
12595
11166
6373
11880
15025
7240
6601
7269
6455
6365
6441
7947
10256
11167
7714
7233
7687
9865
2927
7266
13974
521
7437
12839
13799
3060
2200
13121
4558
509
3527
3131
486
12066
4326
7341
11407
6598
15200
8126
8190
1705
5013
5549
7895
10972
525
13364
737
524
15120
15275
15188
1931
4787
1472
1242
3063
6354
3064
9305
9569
10862
5286
5715
3628
7267
2550
3435
11681
3821
972
4056
6599
6600
12173
7268
7340
7438
7409
14908
10336
9945
3526
510
7773
14669
10518
2199
7807
14964
13120
12840
12371
2926
13975
6440
10680
13798
10131
4786
1930
15284
8357
8406
14830
3820
4055
971
6456
3627
5714
11408
5285
5012
8156
10486
3132
8220
11881
1704
10098
12594
6355
14672
4325
4557
3434
2551
9435
9699
12278
1241
13587
487
1471
10803
7902
11680
7873
736
12683
11077
7771
5548
6457
11076
7410
6439
8173
7930
8237
511
2925
12006
7439
13976
2198
7866
12841
13797
8227
13119
7339
3525
11802
7411
13361
488
5713
3626
8163
11409
1703
5011
11248
1470
1240
5547
4785
12451
10259
9868
1929
4556
9432
9696
4324
8685
8503
7834
5284
4054
2552
735
3133
11679
8117
8181
970
3819
3433
6438
7440
14733
10600
7857
3524
6356
13117
2197
12842
512
2924
13977
12277
14904
15189
10010
10402
10800
13796
5712
3625
12005
3818
969
14743
4323
4555
9814
10204
11410
6458
1702
5546
5283
12684
12593
6357
7338
9304
9568
14872
4053
3134
489
13583
4784
1928
10679
7763
1469
1239
8223
12372
8159
7931
7907
11678
7817
734
3432
2553
7412
11882
7441
6459
5010
7337
11168
8222
6437
11169
2923
3523
513
13978
12843
13795
13118
10015
8480
8661
2196
7809
8158
7881
10973
12067
5711
3624
11411
10407
733
5009
13116
3431
2554
5545
4783
968
5282
1701
15165
3135
1238
1468
490
10258
13359
6436
1927
3817
11677
4052
4554
12174
10863
6460
4322
3522
6358
7413
9437
9701
7442
14744
12844
9867
2195
514
12373
2922
13979
7336
13115
13794
5710
3623
10682
15030
4782
1926
7840
3136
491
14839
4051
3816
6359
13643
5281
7841
7414
11412
5544
7954
11883
7920
12685
14635
732
4321
1467
1237
7335
1700
967
12276
7443
10801
9434
9698
8119
9943
10334
11676
4553
12592
2555
3430
11075
8183
6435
11074
515
8475
8656
5008
10132
2921
12004
3521
13980
6461
8176
8240
12845
13793
13114
10519
2194
4552
5709
11801
11413
3622
731
5007
11247
4320
1699
12450
5543
4781
966
9303
13418
6434
7872
6462
10487
492
3137
1466
1236
4050
5280
7444
7334
1925
6360
10099
2556
3429
11675
3815
14742
15246
10599
9567
7415
7762
3520
13579
516
15315
13113
12846
2920
13981
2193
15021
3621
12275
13792
10798
7897
5708
12003
3814
965
7790
14644
4780
1924
4319
4551
493
3138
11414
6327
5279
5006
1465
1235
10565
12591
2557
3428
14838
1698
4049
9870
7164
8170
8234
5542
10261
10681
13656
9439
9703
6433
7445
6463
8165
12374
8229
15026
13650
6328
11674
7166
730
12686
7162
6329
11884
7333
8650
8469
11170
11171
3519
517
14980
8185
2919
6311
6319
13982
5707
3620
15221
8121
12847
13791
7163
10400
10008
2192
13112
13355
7903
7332
10974
12068
7165
11415
7794
10203
9813
729
5005
5541
4779
964
4550
1697
6432
7446
4318
1234
9436
9700
494
1464
3139
15233
7167
2558
3427
1923
11673
13428
4048
5278
3813
6326
12175
10864
6313
3518
13423
6464
14746
518
13111
7178
12848
2191
12375
2918
13983
13532
15031
15283
13790
10405
10684
5706
3619
8164
5540
4549
4778
1922
10013
8228
14867
3812
4047
3140
11416
495
6431
6465
11885
13658
12590
12687
14655
1696
4317
7447
7331
9566
9302
963
8241
8177
12274
15316
1463
1233
5277
10799
3426
2559
11672
7168
6325
728
10260
9869
14968
11072
8655
6314
8473
13659
13306
519
15064
3517
5004
11073
12002
7177
2917
5705
3618
13984
13433
13110
13789
8647
8465
15197
2190
12849
7854
8179
11800
11246
7964
496
3141
11417
8115
727
5003
15309
7688
7713
5276
3425
2560
7169
1695
12449
6315
4316
4777
1921
1232
6430
7448
1462
7176
4046
10312
11671
3811
962
4548
5539
14739
10598
6466
7330
8157
9921
8221
10520
7723
7719
9705
6324
9441
12850
13109
2189
14901
2916
13985
10133
12273
15129
520
3516
497
3142
8664
10796
13788
8171
8235
8597
8483
5704
3617
15205
5538
8416
12001
3810
961
14654
13591
11418
6323
14976
4776
9438
7170
13594
1694
6316
12688
6467
7449
6429
14828
7689
7712
4547
4045
5275
10488
10100
7329
1920
10683
7722
7718
1231
1461
12376
9702
7175
11670
2561
3424
726
4315
12589
8233
13363
8169
11886
13365
5002
11172
11173
8652
8470
2915
13986
3149
504
13787
2188
12851
13108
4546
7328
7171
6468
10975
12069
6322
8659
3143
498
8478
11419
6317
1460
6428
7450
725
5001
10263
8184
4314
8120
960
5537
4775
1693
3151
506
9565
7696
7711
1230
7174
9301
5274
3809
9872
11669
4044
1919
12176
2562
8683
10865
3423
13653
13461
8485
2187
14731
10398
10006
13107
12852
2914
12377
13987
2262
3279
13786
10686
9812
8773
8504
4774
1918
14873
4043
959
13645
6469
7327
4545
8645
4313
11420
7172
7709
7685
5273
5000
3144
499
6427
7451
11887
10202
14951
12588
14664
724
1229
13236
7697
7710
1692
3808
12272
6318
2563
5536
3422
1459
9707
9443
10797
15149
11668
8598
12689
6321
11071
11070
8474
3150
505
7173
2913
15192
14952
12000
13586
13370
8417
13988
13367
8168
8232
2186
2263
3278
13785
13106
6320
12853
7147
10403
3115
11799
470
7145
6334
6330
11421
500
3145
1691
4999
11245
10011
5535
4773
9440
12448
7146
2564
958
5272
6312
1458
3421
7151
9704
1228
4042
4544
14987
8665
15286
723
1917
11667
3807
4312
2264
14724
10597
3277
13424
2185
10262
9871
3148
503
6333
13105
7148
12854
6331
2912
13580
7150
13989
6332
12271
7149
6335
3146
13784
7154
501
13309
13458
10794
7152
5271
5534
6337
9300
11999
3806
957
14749
4041
1916
6336
11422
7153
3147
502
1227
4543
12587
12690
14874
9564
722
8467
4311
1457
8487
1690
4772
10685
12378
9922
3420
2565
10134
11666
2265
11888
10313
13234
3276
4998
11174
8651
11175
2911
2184
13990
10521
13783
12855
13590
13235
13581
10101
13104
8668
10976
12070
11423
3419
2566
721
4997
8592
5533
5270
4771
1915
1689
1456
1226
13419
13589
11665
10489
13592
4310
3805
956
4542
4040
9445
12177
13373
10866
9709
14735
2910
12856
13103
8463
12379
2266
13991
3275
13782
2183
10688
13585
4770
1914
13362
14829
3804
4039
955
13420
11424
5532
8644
1455
11889
1225
5269
12691
14657
9706
10265
4541
720
4309
9442
2567
1688
3418
12270
9874
2267
10795
13584
11664
12586
10004
10396
11068
3274
4996
2182
11069
11998
13459
2909
13460
13307
13992
8691
13781
13102
12857
4308
4540
11798
11244
11425
13651
10201
719
4995
1687
12447
13357
3803
1913
1224
8510
9811
1454
4038
5531
4769
3417
2568
9299
3273
11663
9563
5268
954
14745
10596
2268
13360
13101
12858
2908
13993
13649
12269
13432
2181
13780
13427
10792
10401
5267
11997
3802
953
13644
14752
4768
1912
11426
8508
4994
10009
3416
2569
8689
12585
14875
718
5530
4037
1453
1686
10687
1223
13588
12380
13368
11662
10264
4307
4539
12692
9447
9711
9873
11890
2180
13457
11176
11177
3272
2907
13233
2269
13994
12859
13100
13779
10977
12071
11427
1222
5529
5266
1685
4993
8462
8643
13310
3415
717
952
4538
4306
4767
1452
2570
13237
9923
9444
9708
10314
1911
11661
2179
3271
4036
3801
12178
2906
2270
10867
10135
14663
13099
12860
13533
12381
13995
10522
13778
10690
4537
4305
4766
1910
14831
3800
4035
11428
1684
11891
12584
12693
14751
10102
13462
3270
2271
8516
8697
951
10490
12268
1451
1221
10793
3414
2571
9298
9562
11660
5528
716
5265
11066
4992
11067
2905
11996
2178
13996
13284
13777
13098
12861
13509
11797
11243
13371
11429
8509
8690
9876
13597
3413
2572
715
4991
1450
1220
10267
1683
12446
5527
1909
4536
4765
13372
13598
4034
5264
11659
4304
3799
950
10595
14755
9449
9713
2272
12862
10002
13097
10394
2904
3269
13997
12267
13776
2177
10791
3798
11995
949
14747
4764
11430
5526
5263
8461
8642
12694
10200
9810
14827
4535
4033
714
4303
1682
10689
1908
1219
1449
9446
9710
12382
3412
2573
11658
3268
12583
2273
11892
13239
13464
4990
11178
2903
11179
2176
13574
13998
13775
10007
10399
12863
13096
4302
4534
12072
13351
11431
1681
10978
4989
713
948
3797
2574
3411
3267
2274
8518
8699
1448
1218
4032
10868
1907
11657
9297
9561
13232
13456
5262
5525
4763
12179
9875
10266
14757
13095
12864
2902
12383
13999
2175
13774
10692
5261
4762
1906
4031
947
11432
4988
8515
8696
3410
2575
11893
12582
13577
14639
10924
712
5524
1217
1447
1680
3796
12266
13354
11656
4301
4533
12695
9938
10329
9451
9715
10523
2174
2901
13238
10136
11994
11065
11064
14000
2275
3266
12865
13094
13773
5523
11796
13463
11433
10594
5260
1679
8460
8641
4030
12445
946
4532
3795
10491
10103
4761
2576
3409
1216
1446
9448
9712
4987
11242
1905
711
11655
4300
14667
2276
3265
13093
12866
13510
13285
2900
2173
14001
12265
13772
10941
10892
5522
4531
11993
945
13621
13396
14754
3794
1904
11434
1445
1215
10269
9878
12581
12696
10691
710
4986
4299
4029
3264
2277
8520
8701
1678
13601
13376
2577
3408
12384
11654
9296
9560
11894
4760
11181
5259
11180
10392
10000
2899
14002
2172
13771
13092
12867
10869
12073
4985
11435
4759
8698
8517
3407
2578
709
4530
10199
9809
4298
944
1677
4028
1444
1214
11653
5258
3263
2278
10979
3793
5521
1903
12180
9453
9717
13241
13466
14759
12868
2171
2898
13091
13572
12385
10693
14003
13770
10397
10005
4984
5520
1902
13349
3792
4027
11436
4758
5257
11895
8459
8640
12697
14748
4529
708
2579
3406
1676
11063
943
12264
1213
1443
9450
9714
2279
10790
11652
13455
13231
4297
12580
10268
9877
11062
3262
11992
2897
14004
2170
12869
13090
13769
11241
4296
4528
11795
11437
707
1212
1675
12444
3791
1901
4026
1442
3261
2280
8522
8703
4757
13576
13353
5256
5519
3405
2580
11651
9295
9559
10593
4983
942
9924
10315
14750
10137
10524
2896
2169
13089
12870
14005
12263
10789
13768
4982
4025
11991
941
14653
3790
13240
13465
11438
5255
8700
8519
3404
2581
12579
14876
706
5518
4527
10492
10104
1674
1900
10694
1441
1211
12386
11650
4295
12698
11183
9455
9719
11896
2281
3260
4756
11182
2895
13511
13286
2168
14006
13767
13088
12871
5517
5254
12074
13399
13624
11439
1210
1440
705
9880
10271
8458
8639
10980
3789
1899
4024
1673
13377
13602
2582
3403
4294
9452
9716
4755
10870
11649
940
4526
4981
12181
3259
2282
14662
13087
10390
9998
2894
12872
12387
14007
2167
13766
10695
4293
4525
4980
1898
4754
939
11440
11897
12578
12699
10198
9808
14741
14878
1672
3258
2283
8524
8705
3788
4023
11061
12262
1439
1209
3402
2583
11648
9294
9558
704
5516
11060
13468
13243
5253
2166
2893
11990
10788
13570
14008
13086
10395
10003
13765
12873
13347
11794
11441
8702
8521
3401
2584
1671
3787
11240
4979
4524
12443
5515
1897
4022
1438
1208
4753
10592
2284
703
11647
13454
13230
5252
4292
938
14758
9457
9721
10270
9879
3257
12874
2892
13085
14009
12261
2165
13764
10787
5514
5251
11989
4021
937
14881
14649
3786
11442
4752
8457
8638
13352
12700
1207
1437
702
1670
4978
1896
13575
9454
9718
11184
12388
3400
2585
11646
4523
4291
12577
9925
10316
10696
11898
10138
2164
2891
13467
3256
2285
10525
11185
14010
13084
13763
12875
4290
4522
10981
12075
13242
11443
1669
3785
701
10464
10076
4977
936
3255
2286
8527
8708
3399
2586
1436
1206
4020
4751
11645
9293
9557
5250
5513
1895
12182
10871
14643
2890
13287
13512
2163
13083
12876
12389
14011
13762
10697
4976
1894
4019
4750
13397
13622
11444
5249
8523
8704
3398
2587
1435
1205
1668
10273
9882
11899
12576
14668
14879
5512
4521
13603
13378
3784
935
11059
12260
11644
700
4289
12701
9459
9723
11058
2889
11988
10786
3254
2287
14012
10388
9996
2162
12877
13761
13082
5248
11793
11239
11445
5511
699
4749
8456
8637
9807
10197
1667
12442
934
4018
4288
1204
1434
9456
9720
3397
2588
11643
3253
2288
4520
3783
4975
14765
10591
1893
13245
13470
2161
2888
13081
13568
12878
14013
12259
10393
10001
13760
10785
4287
4519
11987
4017
933
13345
14882
14761
3782
4974
1892
11446
1666
12575
12702
2589
3396
3252
2289
8529
8710
1433
1203
11186
12390
11642
13453
13229
9556
9292
698
4748
10698
11900
10272
9881
11187
5247
2887
5510
14014
2160
13759
13080
12879
10982
12076
11447
8525
8706
3395
2590
697
3781
5246
1432
1202
932
5509
4016
1665
13573
13350
4747
1891
11641
4973
4286
4518
10317
9926
12183
9461
9725
10872
10139
10526
2159
2886
14764
12880
13079
12391
14015
2290
3251
13758
10699
4972
1890
13469
13244
3780
11448
5508
4746
5245
8455
8636
11901
12703
14768
14888
10465
10077
4517
696
4285
1664
2591
3394
4015
931
1201
1431
11057
12258
9458
9722
11640
12574
2291
3250
11056
2885
13513
13288
2158
11986
10784
14016
13078
13757
12881
4284
5244
13625
13400
11792
11449
1430
1200
1663
10275
9884
3779
11238
12441
4014
930
4516
3249
2292
13379
13604
8532
8713
2592
3393
10590
5507
4745
1889
11639
695
9291
9555
4971
14650
2884
10387
9995
13077
12882
14017
12257
2157
13756
10783
5243
4970
11985
4013
929
14877
14762
3778
1888
11450
8528
8709
3392
2593
10196
9806
12573
694
5506
1662
1429
1199
11188
12392
11638
2293
3248
4283
4515
12704
11189
9463
9727
10700
11902
13472
13247
4744
2156
2883
13566
14018
13755
13076
9999
10391
12883
5505
13343
12077
11451
5242
693
3777
8454
8635
10983
2594
3391
928
4012
1661
4743
1198
1428
9460
9724
2294
3247
10873
1887
13452
13228
11637
4514
4282
4969
12184
10274
9883
14767
13075
2882
12884
12393
14019
2155
13754
10701
5504
4513
4968
1886
4742
11452
11903
12572
12705
1427
14763
14883
1197
1660
4281
3246
2295
8533
8714
13571
13348
3776
4011
927
11055
12256
3390
2595
11636
9290
9554
10318
9927
692
5241
11054
10140
10527
2881
2154
11984
10782
14020
13753
12885
13074
13471
13246
11791
11453
8530
8711
3389
2596
691
3775
11237
1659
12440
10493
10105
5503
926
5240
4010
4967
1426
1196
4280
10589
11635
4741
4512
14769
9465
9729
1885
2296
3245
12886
2880
13514
13289
2153
13073
14021
12255
13752
10781
5502
4740
11983
4009
925
13626
13401
14890
14756
4966
1884
11454
5239
8634
8453
1425
1195
9886
10277
12706
4511
690
13605
13380
1658
2597
3388
9462
9726
3774
11190
12394
11634
4279
12571
10702
11904
3244
2297
11191
2879
9993
10385
14022
2152
13751
13071
12887
10984
12078
8681
8500
11455
1657
3773
9805
10195
689
1883
5501
5238
4965
3243
2298
4278
4510
1194
1424
3387
2598
4739
9553
9289
11633
924
4008
8679
8498
12185
10874
13474
13249
13072
2151
2878
14773
12888
12395
14023
13750
9997
10389
10703
13564
13341
4964
1882
3772
4007
923
11456
12570
3386
2599
5237
5500
11905
4509
14880
14772
688
1656
1193
1423
11053
12254
8653
8471
4277
13451
13227
11632
9467
9731
12707
10276
9885
2299
3242
13070
4738
11052
2877
10780
11982
14024
2150
12889
13749
13069
11790
11236
11457
8499
8680
9464
9728
13569
13346
687
4737
3385
2600
1655
12439
1192
1422
922
4508
4006
4276
5499
3771
5236
4963
11631
3241
2300
9944
14666
10588
1881
2149
2876
13248
10154
13068
12890
14025
12253
8497
8678
13748
4507
11981
4005
921
14884
14671
4962
1880
11458
4275
9288
5498
12708
10115
686
1654
2601
3384
1191
11192
12396
11630
5235
2301
3240
10704
11906
8452
2875
13290
14026
12891
13402
3383
10985
12079
11459
9888
1190
4506
4961
13381
920
3239
5234
4004
12186
1879
10875
14665
2874
12892
14027
9804
9992
4960
1878
4003
11460
14816
12709
14753
14889
5233
919
1189
11051
12252
10165
4505
3382
13339
2873
11980
10778
14028
4504
12893
11461
4002
918
1188
10587
1877
9919
4959
2872
12894
14029
4958
4001
917
14892
14774
1876
11462
1187
11194
10706
2871
14030
11463
4000
1186
916
2870
14885
